loan_purpose,loan_amount,debt_to_income_ratio,property_value,income,occupancy_type,derived_race,derived_sex,applicant_age,loan_to_value_ratio,action_taken
1,835000.0,37,875000.0,227.0,1,Hispanic or Latino,Joint,25-34,95.0,Loan originated
1,745000.0,49,925000.0,150.0,1,White,Male,55-64,80.0,Loan originated
1,1025000.0,30%-<36%,1205000.0,307.0,1,Hispanic or Latino,Joint,25-34,85.0,Loan originated
1,1005000.0,40,1255000.0,29.0,1,Asian,Male,55-64,79.68,Loan originated
1,375000.0,20%-<30%,465000.0,227.0,1,Hispanic or Latino,Male,35-44,80.0,Loan originated
1,945000.0,<20%,1115000.0,1224.0,1,Asian,Female,35-44,85.0,Loan originated
1,205000.0,49,575000.0,126.0,1,Asian,Joint,55-64,59.880239521,Loan originated
1,965000.0,46,1205000.0,244.0,1,White,Joint,35-44,80.0,Loan originated
1,955000.0,>60%,1195000.0,193.0,1,Asian,Male,35-44,80.0,Application denied
1,485000.0,46,495000.0,124.0,1,White,Female,45-54,96.994,Loan originated
1,925000.0,20%-<30%,1155000.0,381.0,1,Asian,Joint,25-34,80.0,Loan originated
1,415000.0,48,525000.0,77.0,1,White,Male,25-34,79.231,Loan originated
1,745000.0,36,925000.0,293.0,1,Asian,Joint,25-34,80.0,Loan originated
1,425000.0,48,525000.0,103.0,1,Hispanic or Latino,Female,35-44,80.0,Loan originated
1,205000.0,49,215000.0,78.0,1,White,Male,25-34,97.0,Loan originated
1,435000.0,46,545000.0,96.0,1,White,Male,45-54,80.0,Loan originated
1,185000.0,49,625000.0,5.0,1,Asian,Joint,65-74,28.78,Loan originated
1,525000.0,43,665000.0,224.0,1,White,Joint,65-74,80.0,Loan originated
1,445000.0,41,555000.0,117.0,1,Hispanic or Latino,Female,45-54,80.0,Loan originated
1,355000.0,44,945000.0,110.0,1,White,Joint,25-34,38.042,Loan originated
1,735000.0,20%-<30%,875000.0,281.0,1,Asian,Joint,35-44,88.0,Loan originated
1,945000.0,30%-<36%,1185000.0,318.0,1,Asian,Joint,25-34,80.0,Loan originated
1,505000.0,39,525000.0,162.0,1,White,Joint,35-44,97.0,Loan originated
1,1095000.0,42,1375000.0,235.0,1,Asian,Male,35-44,80.0,Loan originated
1,755000.0,38,835000.0,185.0,1,Asian,Male,35-44,90.0,Loan originated
1,965000.0,40,1205000.0,332.0,1,White,Joint,25-34,80.0,Loan originated
1,805000.0,42,1055000.0,193.0,1,Asian,Male,25-34,76.19,Loan originated
1,845000.0,36,1225000.0,232.0,1,Asian,Joint,35-44,68.852,Loan originated
1,635000.0,20%-<30%,795000.0,220.0,1,Asian,Joint,35-44,80.0,Loan originated
1,915000.0,49,1145000.0,186.0,1,Asian,Male,45-54,80.0,Loan originated
1,855000.0,44,1065000.0,233.0,1,Asian,Female,25-34,80.0,Loan originated
1,455000.0,41,1205000.0,207.0,1,White,Female,35-44,37.34,Loan originated
1,475000.0,43,535000.0,129.0,1,Hispanic or Latino,Joint,45-54,88.679,Loan originated
1,375000.0,41,625000.0,88.0,1,Hispanic or Latino,Female,35-44,60.0,Loan originated
1,105000.0,49,525000.0,57.0,1,Hispanic or Latino,Joint,65-74,19.048,Loan originated
1,505000.0,37,675000.0,162.0,1,White,Female,65-74,75.0,Loan originated
1,405000.0,49,455000.0,108.0,1,White,Joint,25-34,90.0,Loan originated
1,815000.0,42,965000.0,218.0,1,White,Joint,25-34,84.48,Loan originated
1,1045000.0,42,1305000.0,301.0,1,Asian,Joint,35-44,80.0,Loan originated
1,475000.0,45,565000.0,125.0,1,Hispanic or Latino,Male,55-64,84.071,Loan originated
1,95000.0,46,545000.0,39.0,1,White,Joint,45-54,16.971,Loan originated
1,985000.0,38,1065000.0,306.0,1,Hispanic or Latino,Joint,25-34,92.488,Loan originated
1,425000.0,49,435000.0,133.0,1,Hispanic or Latino,Male,25-34,100.0,Loan originated
1,765000.0,41,805000.0,179.0,1,Hispanic or Latino,Male,55-64,95.0,Loan originated
1,615000.0,30%-<36%,775000.0,181.0,1,Hispanic or Latino,Joint,35-44,80.0,Loan originated
1,365000.0,49,375000.0,129.0,1,White,Female,55-64,97.0,Loan originated
1,395000.0,20%-<30%,495000.0,170.0,1,Hispanic or Latino,Male,25-34,80.0,Loan originated
1,705000.0,41,745000.0,180.0,1,White,Female,45-54,95.0,Loan originated
1,495000.0,48,515000.0,98.0,1,Hispanic or Latino,Male,25-34,97.0,Loan originated
1,455000.0,30%-<36%,525000.0,126.0,1,White,Joint,25-34,85.714,Loan originated
1,1145000.0,47,1705000.0,340.0,1,White,Joint,45-54,67.637,Loan originated
1,925000.0,39,1165000.0,241.0,1,Asian,Joint,25-34,80.0,Loan originated
1,165000.0,20%-<30%,715000.0,125.0,1,White,Male,45-54,23.08,Loan originated
1,515000.0,37,865000.0,159.0,1,Black or African American,Joint,35-44,60.0,Loan originated
1,695000.0,39,815000.0,211.0,1,Asian,Joint,25-34,85.0,Loan originated
1,765000.0,20%-<30%,1015000.0,390.0,1,Asian,Male,45-54,85.0,Loan originated
1,755000.0,42,895000.0,254.0,1,White,Joint,25-34,85.0,Loan originated
1,1105000.0,45,1325000.0,250.0,1,Asian,Male,35-44,95.0,Loan originated
1,605000.0,49,2525000.0,230.0,1,White,Joint,25-34,23.762,Loan originated
1,275000.0,46,405000.0,80.0,1,Hispanic or Latino,Female,65-74,67.901,Application denied
1,515000.0,40,645000.0,138.0,1,White,Joint,25-34,80.0,Loan originated
1,615000.0,47,715000.0,171.0,1,White,Joint,25-34,85.0,Loan originated
1,785000.0,37,1055000.0,270.0,1,White,Female,35-44,75.0,Loan originated
1,435000.0,49,905000.0,90.0,1,White,Joint,35-44,50.778,Loan originated
1,255000.0,41,655000.0,110.0,1,White,Joint,>74,38.46,Loan originated
1,255000.0,20%-<30%,325000.0,124.0,1,White,Male,25-34,80.0,Loan originated
1,525000.0,20%-<30%,755000.0,319.0,1,Hispanic or Latino,Male,35-44,70.0,Loan originated
1,245000.0,30%-<36%,275000.0,68.0,1,Hispanic or Latino,Male,<25,88.889,Loan originated
1,505000.0,45,535000.0,129.0,1,Black or African American,Male,25-34,94.897,Loan originated
1,435000.0,45,985000.0,118.0,1,White,Joint,55-64,45.0,Loan originated
1,465000.0,20%-<30%,1345000.0,233.0,1,White,Male,35-44,35.0,Loan originated
1,245000.0,50%-60%,1035000.0,86.0,1,Asian,Male,25-34,23.38,Loan originated
1,215000.0,41,665000.0,77.0,1,Hispanic or Latino,Male,35-44,31.579,Loan originated
1,475000.0,45,505000.0,104.0,1,Asian,Joint,25-34,95.0,Loan originated
1,545000.0,50%-60%,685000.0,152.0,1,Hispanic or Latino,Joint,25-34,80.0,Application denied
1,535000.0,36,565000.0,247.0,1,White,Joint,35-44,95.0,Application denied
1,395000.0,49,415000.0,120.0,1,White,Female,25-34,95.0,Loan originated
1,1045000.0,30%-<36%,1095000.0,405.0,1,White,Female,35-44,95.0,Loan originated
1,445000.0,40,555000.0,128.0,1,Hispanic or Latino,Male,35-44,80.0,Loan originated
1,625000.0,45,645000.0,152.0,1,Hispanic or Latino,Joint,25-34,97.0,Loan originated
1,835000.0,47,925000.0,565.0,1,Asian,Joint,35-44,89.9,Loan originated
1,485000.0,20%-<30%,885000.0,297.0,1,White,Joint,45-54,55.0,Loan originated
1,735000.0,39,925000.0,205.0,1,White,Male,35-44,80.0,Loan originated
1,285000.0,30%-<36%,355000.0,96.0,1,Asian,Female,45-54,80.0,Loan originated
1,155000.0,<20%,585000.0,117.0,1,White,Male,55-64,25.862,Loan originated
1,355000.0,39,905000.0,135.0,1,White,Female,45-54,39.0,Loan originated
1,515000.0,45,545000.0,235.0,1,White,Female,35-44,95.0,Loan originated
1,105000.0,45,745000.0,72.0,1,Asian,Male,35-44,13.334,Loan originated
1,625000.0,20%-<30%,695000.0,221.0,1,Hispanic or Latino,Joint,35-44,89.99,Loan originated
1,375000.0,43,475000.0,86.0,1,White,Female,45-54,78.723,Loan originated
1,165000.0,46,265000.0,40.0,1,White,Male,65-74,64.9,Loan originated
1,1105000.0,46,1375000.0,374.0,1,Asian,Male,45-54,80.0,Loan originated
1,935000.0,43,1255000.0,248.0,1,White,Female,45-54,75.0,Loan originated
1,775000.0,36,915000.0,239.0,1,Asian,Male,55-64,85.0,Loan originated
1,1005000.0,48,1255000.0,208.0,1,Hispanic or Latino,Joint,45-54,80.0,Loan originated
1,355000.0,30%-<36%,415000.0,130.0,1,White,Male,35-44,85.0,Loan originated
1,445000.0,42,645000.0,132.0,1,Asian,Female,45-54,70.0,Loan originated
1,475000.0,43,525000.0,128.0,1,Asian,Female,25-34,90.0,Loan originated
1,485000.0,44,545000.0,208.0,1,Asian,Joint,65-74,89.02,Loan originated
1,805000.0,30%-<36%,1255000.0,260.0,1,White,Joint,35-44,64.0,Loan originated
1,415000.0,20%-<30%,525000.0,208.0,1,White,Male,35-44,80.0,Loan originated
1,475000.0,44,485000.0,205.0,1,White,Male,25-34,97.0,Loan originated
1,485000.0,47,605000.0,128.0,1,Asian,Joint,25-34,80.0,Application denied
1,435000.0,20%-<30%,455000.0,158.0,1,Black or African American,Male,25-34,94.8,Application denied
1,345000.0,40,425000.0,189.0,1,Hispanic or Latino,Female,25-34,80.0,Loan originated
1,765000.0,36,1075000.0,239.0,1,White,Joint,25-34,71.64,Loan originated
1,435000.0,48,705000.0,104.0,1,White,Male,<25,60.993,Loan originated
1,105000.0,43,785000.0,79.0,1,White,Joint,55-64,12.81,Loan originated
1,285000.0,45,345000.0,60.0,1,White,Female,65-74,83.0,Loan originated
1,445000.0,39,555000.0,117.0,1,Asian,Joint,25-34,80.0,Loan originated
1,465000.0,30%-<36%,495000.0,158.0,1,Hispanic or Latino,Male,35-44,95.0,Loan originated
1,625000.0,30%-<36%,925000.0,190.0,1,Asian,Male,25-34,68.0,Loan originated
1,335000.0,39,355000.0,146.0,1,White,Male,55-64,95.0,Loan originated
1,275000.0,20%-<30%,335000.0,100.0,1,Hispanic or Latino,Joint,35-44,80.0,Loan originated
1,225000.0,39,265000.0,59.0,1,White,Male,65-74,85.0,Loan originated
1,585000.0,48,685000.0,138.0,1,Hispanic or Latino,Joint,45-54,85.0,Loan originated
1,1025000.0,48,1285000.0,296.0,1,Asian,Joint,35-44,80.0,Loan originated
1,515000.0,46,545000.0,184.0,1,Hispanic or Latino,Joint,25-34,94.999,Loan originated
1,425000.0,46,445000.0,164.0,1,Hispanic or Latino,Male,35-44,97.0,Loan originated
1,675000.0,20%-<30%,955000.0,430.0,1,Hispanic or Latino,Male,45-54,71.053,Loan originated
1,1085000.0,<20%,1355000.0,715.0,1,Asian,Male,35-44,80.0,Loan originated
1,315000.0,37,395000.0,96.0,1,White,Joint,55-64,77.694,Application denied
1,395000.0,30%-<36%,425000.0,134.0,1,Asian,Joint,25-34,95.0,Loan originated
1,755000.0,49,945000.0,276.0,1,White,Joint,35-44,79.53,Loan originated
1,265000.0,<20%,325000.0,201.0,1,Hispanic or Latino,Male,35-44,80.0,Loan originated
1,755000.0,37,1155000.0,230.0,1,Asian,Male,35-44,64.893,Loan originated
1,215000.0,49,735000.0,63.0,1,White,Male,35-44,28.689,Loan originated
1,635000.0,39,795000.0,224.0,1,White,Female,55-64,80.0,Loan originated
1,1005000.0,45,1425000.0,404.0,1,Hispanic or Latino,Male,45-54,69.963,Loan originated
1,305000.0,47,525000.0,117.0,1,White,Male,35-44,57.692,Loan originated
1,285000.0,47,435000.0,79.0,1,Hispanic or Latino,Female,25-34,103.724,Loan originated
1,185000.0,42,245000.0,75.0,1,Hispanic or Latino,Male,25-34,73.469,Application denied
1,755000.0,39,845000.0,252.0,1,White,Joint,25-34,89.9,Loan originated
1,385000.0,41,585000.0,112.0,1,White,Male,65-74,65.986,Loan originated
1,15000.0,50%-60%,555000.0,168.0,1,Black or African American,Joint,25-34,100.0,Loan originated
1,325000.0,20%-<30%,405000.0,166.0,1,White,Joint,>74,80.0,Loan originated
1,285000.0,38,375000.0,73.0,1,White,Male,25-34,75.99,Loan originated
1,565000.0,49,735000.0,124.0,1,White,Female,65-74,77.822,Loan originated
1,255000.0,<20%,505000.0,116.0,1,Asian,Female,>74,50.0,Application denied
1,665000.0,30%-<36%,695000.0,205.0,1,Asian,Male,<25,95.0,Loan originated
1,765000.0,42,805000.0,303.0,1,Asian,Joint,35-44,95.0,Loan originated
1,1045000.0,48,1305000.0,270.0,1,White,Female,35-44,80.0,Loan originated
1,615000.0,37,655000.0,246.0,1,White,Joint,25-34,95.0,Loan originated
1,1045000.0,36,1665000.0,309.0,1,White,Joint,25-34,62.56,Loan originated
1,245000.0,48,485000.0,138.0,1,Asian,Female,45-54,50.0,Loan originated
1,695000.0,41,865000.0,160.0,1,Asian,Male,25-34,80.0,Loan originated
1,425000.0,48,575000.0,85.0,1,Asian,Joint,25-34,75.0,Loan originated
1,155000.0,38,155000.0,46.0,1,White,Male,<25,97.0,Loan originated
1,635000.0,46,665000.0,164.0,1,White,Joint,45-54,95.0,Loan originated
1,635000.0,43,665000.0,207.0,1,Asian,Female,45-54,95.0,Loan originated
1,755000.0,30%-<36%,1075000.0,199.0,1,White,Joint,35-44,70.23,Loan originated
1,455000.0,30%-<36%,1805000.0,221.0,1,Asian,Female,45-54,25.0,Loan originated
1,945000.0,49,1265000.0,209.0,1,Asian,Joint,25-34,74.13,Loan originated
1,305000.0,42,315000.0,69.0,1,White,Male,35-44,97.0,Loan originated
1,745000.0,30%-<36%,875000.0,283.0,1,Black or African American,Female,25-34,85.0,Loan originated
1,255000.0,20%-<30%,605000.0,203.0,1,White,Joint,55-64,41.667,Loan originated
1,685000.0,43,865000.0,177.0,1,White,Male,45-54,80.0,Loan originated
1,545000.0,46,905000.0,116.0,1,Hispanic or Latino,Male,35-44,60.0,Loan originated
1,225000.0,37,275000.0,65.0,1,White,Joint,>74,80.0,Loan originated
1,555000.0,46,925000.0,180.0,1,White,Joint,45-54,60.0,Loan originated
1,275000.0,30%-<36%,345000.0,84.0,1,White,Female,35-44,80.0,Loan originated
1,435000.0,20%-<30%,545000.0,193.0,1,Black or African American,Male,25-34,80.0,Loan originated
1,325000.0,30%-<36%,345000.0,123.0,1,Hispanic or Latino,Male,25-34,95.0,Loan originated
1,585000.0,30%-<36%,615000.0,205.0,1,White,Male,55-64,95.0,Loan originated
1,715000.0,37,755000.0,198.0,1,White,Joint,25-34,95.02,Loan originated
1,1275000.0,41,1625000.0,325.0,1,White,Joint,25-34,78.462,Loan originated
1,595000.0,36,745000.0,196.0,1,White,Joint,35-44,80.0,Loan originated
1,565000.0,45,595000.0,228.0,1,White,Joint,45-54,95.0,Loan originated
1,635000.0,40,795000.0,173.0,1,White,Male,25-34,80.0,Loan originated
1,555000.0,45,955000.0,328.0,1,Asian,Joint,25-34,57.89,Loan originated
1,615000.0,45,765000.0,181.0,1,White,Joint,25-34,80.0,Loan originated
1,575000.0,49,685000.0,123.0,1,White,Male,35-44,83.212,Loan originated
1,495000.0,20%-<30%,545000.0,258.0,1,White,Joint,55-64,90.0,Loan originated
1,175000.0,50%-60%,195000.0,144.0,1,Hispanic or Latino,Male,55-64,90.0,Loan originated
1,105000.0,40,125000.0,32.0,1,White,Joint,55-64,80.0,Loan originated
1,305000.0,20%-<30%,375000.0,178.0,1,White,Male,35-44,80.0,Loan originated
1,845000.0,49,1055000.0,185.0,1,White,Joint,35-44,80.0,Loan originated
1,725000.0,48,995000.0,138.0,1,Asian,Joint,35-44,74.0,Loan originated
1,1145000.0,48,2205000.0,416.0,1,White,Male,35-44,53.0,Loan originated
1,325000.0,47,405000.0,88.0,1,White,Male,35-44,80.0,Loan originated
1,595000.0,49,665000.0,115.0,1,Asian,Female,35-44,90.0,Loan originated
1,485000.0,30%-<36%,645000.0,166.0,1,Asian,Female,35-44,75.0,Loan originated
1,385000.0,49,535000.0,102.0,1,White,Female,55-64,71.802,Loan originated
1,475000.0,45,595000.0,163.0,1,Asian,Female,35-44,80.0,Loan originated
1,875000.0,44,1085000.0,340.0,1,Asian,Female,35-44,80.0,Loan originated
1,685000.0,40,985000.0,171.0,1,White,Joint,25-34,69.481,Loan originated
1,415000.0,49,435000.0,105.0,1,Hispanic or Latino,Joint,45-54,95.0,Loan originated
1,335000.0,46,645000.0,83.0,1,Hispanic or Latino,Female,45-54,50.85,Application denied
1,925000.0,36,1155000.0,243.0,1,Hispanic or Latino,Male,35-44,80.0,Loan originated
1,705000.0,20%-<30%,1605000.0,314.0,1,White,Joint,35-44,44.0,Loan originated
1,415000.0,44,605000.0,115.0,1,White,Male,45-54,69.167,Loan originated
1,165000.0,40,295000.0,42.0,1,White,Female,65-74,55.932,Loan originated
1,1125000.0,42,1505000.0,30.0,1,Asian,Joint,55-64,75.0,Loan originated
1,635000.0,37,1165000.0,185.0,1,White,Male,25-34,100.135,Loan originated
1,665000.0,49,985000.0,160.0,1,Asian,Male,25-34,68.0,Loan originated
1,905000.0,43,1355000.0,241.0,1,White,Female,35-44,66.667,Loan originated
1,735000.0,>60%,905000.0,158.0,1,Hispanic or Latino,Joint,45-54,81.111,Application denied
1,465000.0,48,485000.0,188.0,1,White,Female,25-34,95.0,Loan originated
1,405000.0,49,425000.0,156.0,1,White,Female,65-74,95.0,Loan originated
1,945000.0,44,1115000.0,284.0,1,Asian,Joint,35-44,85.0,Loan originated
1,525000.0,42,555000.0,132.0,1,White,Male,25-34,95.0,Loan originated
1,495000.0,30%-<36%,585000.0,143.0,1,Hispanic or Latino,Male,25-34,85.0,Loan originated
1,395000.0,<20%,665000.0,772.0,1,Hispanic or Latino,Male,25-34,60.0,Loan originated
1,505000.0,>60%,725000.0,44.0,1,Asian,Joint,25-34,68.966,Application denied
1,655000.0,30%-<36%,1355000.0,210.0,1,Asian,Female,35-44,48.15,Loan originated
1,905000.0,49,1225000.0,271.0,1,Asian,Female,35-44,73.29,Loan originated
1,355000.0,>60%,385000.0,66.0,1,White,Joint,25-34,90.0,Application denied
1,195000.0,45,415000.0,51.0,1,Hispanic or Latino,Male,45-54,93.723,Loan originated
1,755000.0,49,795000.0,223.0,1,Hispanic or Latino,Joint,45-54,95.0,Loan originated
1,675000.0,39,715000.0,200.0,1,Asian,Male,35-44,95.0,Loan originated
1,1075000.0,45,1345000.0,235.0,1,White,Male,35-44,80.0,Loan originated
1,315000.0,37,425000.0,106.0,1,White,Male,45-54,75.0,Loan originated
1,585000.0,20%-<30%,735000.0,208.0,1,Hispanic or Latino,Male,45-54,80.0,Loan originated
1,515000.0,44,645000.0,154.0,1,Hispanic or Latino,Joint,25-34,80.0,Loan originated
1,615000.0,41,685000.0,155.0,1,Asian,Male,65-74,90.0,Loan originated
1,375000.0,47,425000.0,97.0,1,Hispanic or Latino,Male,25-34,90.0,Loan originated
1,575000.0,<20%,625000.0,896.0,1,Hispanic or Latino,Male,35-44,92.903,Loan originated
1,605000.0,46,965000.0,130.0,1,Asian,Joint,45-54,63.0,Loan originated
1,805000.0,47,855000.0,176.0,1,White,Joint,25-34,95.0,Loan originated
1,505000.0,44,635000.0,120.0,1,Hispanic or Latino,Male,45-54,100.0,Loan originated
1,505000.0,47,635000.0,118.0,1,White,Male,>74,80.0,Loan originated
1,725000.0,50%-60%,755000.0,144.0,1,Asian,Male,35-44,95.0,Application denied
1,505000.0,<20%,625000.0,376.0,1,White,Joint,25-34,80.0,Loan originated
1,605000.0,40,655000.0,383.0,1,White,Joint,45-54,92.366,Loan originated
1,405000.0,30%-<36%,505000.0,135.0,1,Hispanic or Latino,Male,25-34,80.0,Loan originated
1,105000.0,20%-<30%,775000.0,91.0,1,White,Joint,>74,13.11,Loan originated
1,635000.0,49,655000.0,161.0,1,Hispanic or Latino,Joint,35-44,96.947,Loan originated
1,905000.0,49,1515000.0,360.0,1,Asian,Female,25-34,60.0,Loan originated
1,305000.0,20%-<30%,855000.0,136.0,1,White,Female,45-54,35.294,Loan originated
1,715000.0,49,755000.0,361.0,1,Hispanic or Latino,Male,35-44,95.0,Loan originated
1,495000.0,44,615000.0,100.0,1,Asian,Male,35-44,80.0,Loan originated
1,735000.0,49,985000.0,150.0,1,Asian,Male,25-34,75.0,Loan originated
1,465000.0,47,615000.0,233.0,1,Other,Joint,55-64,75.609,Loan originated
1,415000.0,30%-<36%,515000.0,141.0,1,Hispanic or Latino,Male,25-34,80.0,Loan originated
1,975000.0,30%-<36%,1225000.0,313.0,1,White,Joint,45-54,80.0,Loan originated
1,595000.0,36,635000.0,163.0,1,Asian,Joint,35-44,94.0,Loan originated
1,545000.0,45,725000.0,158.0,1,Hispanic or Latino,Male,35-44,75.0,Loan originated
1,995000.0,>60%,1105000.0,252.0,1,Hispanic or Latino,Joint,25-34,90.0,Application denied
1,365000.0,<20%,385000.0,663.0,1,Hispanic or Latino,Female,45-54,97.11,Application denied
1,235000.0,48,245000.0,53.0,1,Hispanic or Latino,Female,<25,100.4,Loan originated
1,765000.0,43,825000.0,238.0,1,White,Male,35-44,93.0,Loan originated
1,765000.0,48,805000.0,151.0,1,Hispanic or Latino,Male,25-34,95.0,Loan originated
1,645000.0,20%-<30%,805000.0,233.0,1,Asian,Joint,25-34,80.0,Loan originated
1,775000.0,48,965000.0,162.0,1,Asian,Male,35-44,79.989,Loan originated
1,655000.0,30%-<36%,1315000.0,204.0,1,White,Joint,25-34,50.0,Loan originated
1,735000.0,45,925000.0,295.0,1,Hispanic or Latino,Joint,25-34,80.0,Loan originated
1,595000.0,30%-<36%,1055000.0,338.0,1,Asian,Joint,35-44,56.17,Loan originated
1,645000.0,40,675000.0,213.0,1,White,Joint,35-44,95.0,Loan originated
1,685000.0,37,1035000.0,362.0,1,Asian,Female,45-54,66.328,Loan originated
1,545000.0,20%-<30%,835000.0,220.0,1,Hispanic or Latino,Joint,45-54,65.0,Loan originated
1,315000.0,36,335000.0,162.0,1,White,Male,45-54,95.0,Loan originated
1,1055000.0,42,1405000.0,255.0,1,Asian,Joint,<25,75.0,Loan originated
1,575000.0,30%-<36%,955000.0,243.0,1,White,Joint,25-34,60.0,Loan originated
1,465000.0,49,605000.0,104.0,1,Asian,Female,35-44,78.0,Loan originated
1,535000.0,45,885000.0,162.0,1,White,Joint,45-54,62.0,Loan originated
1,965000.0,30%-<36%,1205000.0,333.0,1,White,Joint,45-54,80.0,Loan originated
1,695000.0,41,735000.0,170.0,1,Black or African American,Male,25-34,95.0,Loan originated
1,525000.0,48,655000.0,349.0,1,White,Male,55-64,80.0,Loan originated
1,765000.0,30%-<36%,805000.0,476.0,1,White,Male,45-54,95.0,Loan originated
1,275000.0,41,565000.0,79.0,1,White,Female,35-44,48.673,Loan originated
1,615000.0,30%-<36%,765000.0,208.0,1,Hispanic or Latino,Male,<25,80.0,Loan originated
1,765000.0,47,955000.0,303.0,1,Hispanic or Latino,Joint,35-44,89.99,Loan originated
1,815000.0,43,1015000.0,212.0,1,White,Joint,45-54,80.0,Loan originated
1,565000.0,30%-<36%,715000.0,175.0,1,Asian,Male,25-34,80.0,Loan originated
1,735000.0,20%-<30%,775000.0,344.0,1,Asian,Joint,35-44,95.0,Loan originated
1,755000.0,20%-<30%,945000.0,1316.0,1,White,Male,25-34,80.0,Loan originated
1,705000.0,44,875000.0,312.0,1,White,Joint,45-54,80.0,Loan originated
1,585000.0,46,775000.0,131.0,1,Asian,Joint,35-44,75.0,Loan originated
1,475000.0,30%-<36%,505000.0,161.0,1,Hispanic or Latino,Female,35-44,95.0,Loan originated
1,615000.0,49,635000.0,148.0,1,Hispanic or Latino,Female,<25,97.0,Application denied
1,605000.0,46,645000.0,133.0,1,Hispanic or Latino,Male,<25,95.0,Loan originated
1,225000.0,43,385000.0,76.0,1,Hispanic or Latino,Male,45-54,58.334,Loan originated
1,635000.0,48,795000.0,236.0,1,White,Male,35-44,80.0,Loan originated
1,195000.0,30%-<36%,215000.0,130.0,1,Hispanic or Latino,Male,35-44,95.0,Loan originated
1,915000.0,49,1185000.0,249.0,1,White,Male,45-54,78.0,Loan originated
1,565000.0,48,605000.0,106.0,1,Hispanic or Latino,Joint,35-44,95.0,Loan originated
1,1005000.0,<20%,1525000.0,747.0,1,White,Male,25-34,65.57,Loan originated
1,575000.0,36,685000.0,244.0,1,White,Joint,35-44,85.0,Loan originated
1,325000.0,43,505000.0,89.0,1,Hispanic or Latino,Male,45-54,64.0,Loan originated
1,965000.0,44,1205000.0,238.0,1,White,Female,35-44,80.0,Loan originated
1,425000.0,40,445000.0,99.0,1,Asian,Female,25-34,95.0,Loan originated
1,585000.0,20%-<30%,645000.0,239.0,1,White,Joint,25-34,90.0,Loan originated
1,1145000.0,38,1775000.0,432.0,1,Asian,Female,25-34,64.507,Loan originated
1,715000.0,49,805000.0,137.0,1,Asian,Joint,45-54,89.999,Loan originated
1,805000.0,37,1525000.0,214.0,1,Asian,Female,35-44,52.43,Loan originated
1,875000.0,48,975000.0,192.0,1,Asian,Male,45-54,90.0,Loan originated
1,1025000.0,30%-<36%,1425000.0,280.0,1,White,Joint,25-34,71.93,Loan originated
1,315000.0,48,335000.0,61.0,1,Hispanic or Latino,Joint,55-64,96.939,Loan originated
1,755000.0,46,1085000.0,264.0,1,White,Joint,35-44,70.0,Loan originated
1,565000.0,50%-60%,705000.0,112.0,1,Hispanic or Latino,Female,45-54,90.0,Loan originated
1,605000.0,48,755000.0,252.0,1,White,Male,25-34,80.0,Loan originated
1,285000.0,30%-<36%,445000.0,257.0,1,White,Joint,55-64,64.189,Loan originated
1,525000.0,49,555000.0,185.0,1,Other,Male,35-44,95.0,Loan originated
1,725000.0,44,855000.0,192.0,1,Black or African American,Joint,35-44,85.0,Loan originated
1,635000.0,46,705000.0,143.0,1,White,Male,25-34,90.0,Loan originated
1,495000.0,47,555000.0,228.0,1,White,Male,65-74,90.0,Loan originated
1,245000.0,39,255000.0,77.0,1,Hispanic or Latino,Female,25-34,97.0,Loan originated
1,1275000.0,50%-60%,1555000.0,272.0,1,White,Joint,45-54,85.0,Application denied
1,505000.0,30%-<36%,535000.0,241.0,1,White,Male,35-44,95.0,Loan originated
1,1145000.0,49,1425000.0,248.0,1,White,Joint,25-34,80.0,Loan originated
1,835000.0,42,875000.0,279.0,1,White,Male,25-34,95.0,Loan originated
1,1135000.0,41,1265000.0,315.0,1,Asian,Male,35-44,89.96,Loan originated
1,395000.0,43,485000.0,207.0,1,White,Male,25-34,80.0,Loan originated
1,155000.0,20%-<30%,415000.0,243.0,1,White,Joint,65-74,37.0,Loan originated
1,535000.0,37,835000.0,173.0,1,Hispanic or Latino,Joint,35-44,64.072,Loan originated
1,1215000.0,38,1615000.0,349.0,1,White,Male,35-44,75.0,Loan originated
1,365000.0,20%-<30%,385000.0,126.0,1,Hispanic or Latino,Male,25-34,95.0,Loan originated
1,505000.0,47,525000.0,109.0,1,White,Joint,25-34,97.0,Loan originated
1,425000.0,44,525000.0,108.0,1,Asian,Male,25-34,80.0,Loan originated
1,215000.0,30%-<36%,235000.0,128.0,1,White,Male,55-64,89.916,Loan originated
1,765000.0,20%-<30%,1125000.0,321.0,1,Hispanic or Latino,Joint,35-44,68.0,Loan originated
1,255000.0,45,955000.0,81.0,1,Asian,Joint,65-74,27.0,Loan originated
1,1145000.0,47,1315000.0,440.0,1,Asian,Male,45-54,88.0,Loan originated
1,495000.0,45,665000.0,113.0,1,Hispanic or Latino,Joint,45-54,99.211,Loan originated
1,715000.0,<20%,755000.0,626.0,1,White,Female,35-44,95.0,Loan originated
1,665000.0,30%-<36%,745000.0,344.0,1,Asian,Male,25-34,90.0,Loan originated
1,635000.0,49,855000.0,261.0,1,Hispanic or Latino,Female,25-34,75.0,Loan originated
1,575000.0,20%-<30%,715000.0,239.0,1,White,Female,35-44,80.0,Loan originated
1,445000.0,43,555000.0,154.0,1,White,Female,35-44,80.0,Loan originated
1,395000.0,42,495000.0,135.0,1,Hispanic or Latino,Joint,35-44,80.0,Loan originated
1,375000.0,20%-<30%,465000.0,135.0,1,Hispanic or Latino,Male,25-34,80.0,Loan originated
1,415000.0,30%-<36%,435000.0,155.0,1,Asian,Joint,25-34,95.0,Loan originated
1,535000.0,30%-<36%,675000.0,243.0,1,White,Joint,35-44,80.0,Loan originated
1,215000.0,30%-<36%,225000.0,116.0,1,White,Female,65-74,95.0,Loan originated
1,325000.0,20%-<30%,675000.0,124.0,1,Hispanic or Latino,Male,35-44,47.761,Loan originated
1,1085000.0,<20%,1355000.0,665.0,1,Other,Joint,35-44,90.0,Loan originated
1,1145000.0,47,1355000.0,243.0,1,White,Male,35-44,84.858,Loan originated
1,365000.0,43,505000.0,87.0,1,Asian,Male,45-54,73.0,Loan originated
1,535000.0,41,1285000.0,147.0,1,Asian,Male,25-34,41.191,Loan originated
1,305000.0,44,445000.0,106.0,1,White,Male,55-64,68.0,Loan originated
1,755000.0,49,865000.0,164.0,1,Asian,Male,25-34,87.529,Loan originated
1,685000.0,30%-<36%,765000.0,313.0,1,Asian,Female,25-34,90.0,Loan originated
1,1145000.0,37,1315000.0,328.0,1,Asian,Joint,25-34,87.71,Loan originated
1,725000.0,48,1005000.0,272.0,1,Hispanic or Latino,Male,35-44,75.0,Loan originated
1,365000.0,48,385000.0,145.0,1,White,Joint,<25,95.0,Application denied
1,495000.0,38,545000.0,145.0,1,White,Female,55-64,90.0,Loan originated
1,445000.0,41,895000.0,123.0,1,Hispanic or Latino,Female,65-74,49.944,Loan originated
1,625000.0,30%-<36%,695000.0,174.0,1,White,Male,25-34,90.0,Loan originated
1,485000.0,38,505000.0,135.0,1,Hispanic or Latino,Female,65-74,97.0,Loan originated
1,835000.0,20%-<30%,895000.0,324.0,1,Asian,Joint,25-34,93.933,Application denied
1,325000.0,37,405000.0,122.0,1,Black or African American,Female,45-54,80.0,Loan originated
1,285000.0,20%-<30%,735000.0,336.0,1,Asian,Joint,55-64,38.494,Loan originated
1,325000.0,44,345000.0,72.0,1,Hispanic or Latino,Female,35-44,95.0,Loan originated
1,355000.0,30%-<36%,425000.0,140.0,1,White,Male,25-34,84.561,Loan originated
1,835000.0,48,1045000.0,167.0,1,Asian,Female,35-44,80.0,Loan originated
1,365000.0,20%-<30%,455000.0,466.0,1,White,Joint,25-34,80.0,Loan originated
1,275000.0,46,775000.0,81.0,1,White,Female,35-44,35.71,Loan originated
1,665000.0,30%-<36%,835000.0,196.0,1,Hispanic or Latino,Female,35-44,80.0,Loan originated
1,625000.0,49,735000.0,141.0,1,Asian,Joint,25-34,85.0,Loan originated
1,495000.0,45,625000.0,134.0,1,Hispanic or Latino,Male,45-54,80.0,Loan originated
1,355000.0,44,465000.0,239.0,1,White,Joint,35-44,80.0,Loan originated
1,475000.0,30%-<36%,485000.0,130.0,1,Hispanic or Latino,Female,35-44,100.0,Loan originated
1,795000.0,37,885000.0,219.0,1,Asian,Joint,25-34,89.99,Loan originated
1,375000.0,20%-<30%,1155000.0,188.0,1,White,Joint,35-44,32.61,Loan originated
1,535000.0,46,545000.0,134.0,1,Hispanic or Latino,Male,45-54,97.0,Loan originated
1,535000.0,30%-<36%,675000.0,148.0,1,Asian,Male,25-34,80.0,Loan originated
1,305000.0,47,345000.0,65.0,1,Hispanic or Latino,Joint,35-44,91.676,Loan originated
1,595000.0,48,655000.0,216.0,1,Asian,Joint,35-44,90.0,Loan originated
1,405000.0,42,575000.0,96.0,1,Asian,Male,25-34,70.0,Loan originated
1,405000.0,40,465000.0,129.0,1,White,Female,25-34,87.1,Loan originated
1,475000.0,48,865000.0,106.0,1,White,Female,35-44,54.913,Loan originated
1,375000.0,50%-60%,395000.0,72.0,1,Black or African American,Female,55-64,100.0,Loan originated
1,955000.0,39,1065000.0,281.0,1,White,Joint,45-54,90.0,Loan originated
1,265000.0,30%-<36%,275000.0,76.0,1,Hispanic or Latino,Joint,<25,97.0,Loan originated
1,555000.0,42,695000.0,146.0,1,Asian,Female,25-34,80.0,Loan originated
1,335000.0,49,855000.0,144.0,1,Asian,Female,35-44,38.46,Loan originated
1,175000.0,30%-<36%,295000.0,110.0,1,White,Female,55-64,61.6,Loan originated
1,595000.0,48,795000.0,170.0,1,White,Female,45-54,75.0,Loan originated
1,145000.0,37,545000.0,61.0,1,White,Female,>74,28.0,Loan originated
1,985000.0,37,1235000.0,290.0,1,Asian,Male,35-44,80.0,Loan originated
1,205000.0,30%-<36%,835000.0,126.0,1,White,Female,65-74,24.0,Loan originated
1,375000.0,20%-<30%,525000.0,114.0,1,Black or African American,Male,55-64,71.154,Loan originated
1,1005000.0,30%-<36%,1255000.0,307.0,1,Asian,Joint,35-44,80.0,Loan originated
1,765000.0,20%-<30%,1605000.0,627.0,1,Asian,Female,35-44,47.5,Loan originated
1,165000.0,48,235000.0,43.0,1,Asian,Male,<25,70.0,Loan originated
1,345000.0,48,435000.0,90.0,1,Black or African American,Male,45-54,80.0,Application denied
1,1005000.0,30%-<36%,1055000.0,307.0,1,Hispanic or Latino,Joint,35-44,95.0,Loan originated
1,365000.0,43,405000.0,120.0,1,Hispanic or Latino,Joint,25-34,91.641,Loan originated
1,405000.0,30%-<36%,855000.0,124.0,1,Asian,Female,25-34,47.059,Loan originated
1,455000.0,40,905000.0,131.0,1,Hispanic or Latino,Male,35-44,50.0,Loan originated
1,385000.0,30%-<36%,885000.0,145.0,1,Hispanic or Latino,Female,25-34,43.182,Loan originated
1,875000.0,<20%,2775000.0,908.0,1,White,Male,35-44,31.408,Loan originated
1,355000.0,30%-<36%,655000.0,160.0,1,Asian,Female,45-54,53.846,Loan originated
1,755000.0,38,1385000.0,335.0,1,White,Joint,55-64,54.152,Loan originated
1,695000.0,48,735000.0,182.0,1,White,Female,35-44,95.0,Loan originated
1,765000.0,49,955000.0,170.0,1,White,Male,45-54,80.0,Application denied
1,505000.0,20%-<30%,585000.0,152.0,1,Hispanic or Latino,Male,25-34,85.0,Loan originated
1,1015000.0,49,1065000.0,202.0,1,Asian,Joint,55-64,95.0,Loan originated
1,155000.0,46,195000.0,48.0,1,Hispanic or Latino,Male,35-44,80.0,Loan originated
1,765000.0,44,1365000.0,205.0,1,Asian,Male,45-54,56.397,Loan originated
1,1145000.0,48,1635000.0,239.0,1,White,Male,35-44,70.0,Loan originated
1,675000.0,44,775000.0,171.0,1,Hispanic or Latino,Male,35-44,87.121,Loan originated
1,495000.0,20%-<30%,545000.0,198.0,1,White,Female,45-54,90.0,Loan originated
1,765000.0,20%-<30%,805000.0,304.0,1,Hispanic or Latino,Joint,25-34,95.0,Loan originated
1,545000.0,36,605000.0,200.0,1,Hispanic or Latino,Joint,25-34,90.0,Loan originated
1,205000.0,47,215000.0,67.0,1,Hispanic or Latino,Female,25-34,97.0,Loan originated
1,435000.0,37,575000.0,114.0,1,Asian,Female,35-44,75.0,Loan originated
1,415000.0,44,445000.0,102.0,1,Asian,Female,25-34,95.0,Loan originated
1,415000.0,49,1015000.0,98.0,1,Hispanic or Latino,Male,65-74,40.887,Loan originated
1,545000.0,49,695000.0,118.0,1,White,Male,35-44,78.726,Loan originated
1,745000.0,20%-<30%,785000.0,316.0,1,Asian,Joint,25-34,95.0,Loan originated
1,615000.0,36,885000.0,162.0,1,Asian,Female,45-54,70.0,Loan originated
1,765000.0,48,965000.0,166.0,1,Asian,Male,25-34,79.849,Loan originated
1,355000.0,40,445000.0,83.0,1,Other,Male,25-34,80.0,Loan originated
1,195000.0,41,245000.0,107.0,1,Hispanic or Latino,Joint,35-44,80.0,Loan originated
1,485000.0,30%-<36%,515000.0,166.0,1,White,Male,35-44,95.0,Application denied
1,215000.0,30%-<36%,435000.0,103.0,1,White,Female,>74,49.425,Loan originated
1,145000.0,42,295000.0,73.0,1,White,Male,55-64,50.0,Loan originated
1,365000.0,39,665000.0,111.0,1,White,Male,45-54,56.0,Loan originated
1,255000.0,46,265000.0,56.0,1,Hispanic or Latino,Joint,55-64,100.0,Loan originated
1,525000.0,41,625000.0,129.0,1,Hispanic or Latino,Male,35-44,85.0,Loan originated
1,1125000.0,<20%,1405000.0,2562.0,1,White,Male,25-34,80.0,Loan originated
1,445000.0,42,595000.0,143.0,1,White,Male,25-34,75.0,Loan originated
1,555000.0,39,615000.0,292.0,1,White,Joint,25-34,90.0,Loan originated
1,675000.0,36,755000.0,178.0,1,Asian,Joint,25-34,90.0,Loan originated
1,755000.0,20%-<30%,2375000.0,534.0,1,Asian,Joint,35-44,31.579,Loan originated
1,765000.0,42,955000.0,200.0,1,Asian,Female,35-44,80.0,Loan originated
1,705000.0,45,785000.0,268.0,1,Hispanic or Latino,Female,35-44,89.954,Loan originated
1,545000.0,38,645000.0,154.0,1,White,Joint,45-54,84.688,Loan originated
1,325000.0,49,615000.0,83.0,1,White,Joint,25-34,53.008,Loan originated
1,715000.0,40,805000.0,241.0,1,Asian,Joint,25-34,89.417,Loan originated
1,305000.0,30%-<36%,365000.0,126.0,1,White,Joint,65-74,85.0,Loan originated
1,735000.0,41,775000.0,185.0,1,White,Male,35-44,95.0,Loan originated
1,805000.0,50%-60%,1605000.0,220.0,1,Asian,Female,25-34,50.0,Loan originated
1,1065000.0,50%-60%,1185000.0,210.0,1,Asian,Male,35-44,90.0,Application denied
1,685000.0,39,1115000.0,228.0,1,White,Female,65-74,61.215,Loan originated
1,495000.0,38,665000.0,148.0,1,Asian,Female,55-64,75.0,Loan originated
1,285000.0,47,305000.0,134.0,1,Asian,Female,35-44,99.0,Loan originated
1,715000.0,43,895000.0,158.0,1,Hispanic or Latino,Male,45-54,80.0,Loan originated
1,705000.0,46,935000.0,169.0,1,White,Male,>74,75.0,Loan originated
1,435000.0,38,865000.0,157.0,1,White,Joint,35-44,50.0,Loan originated
1,215000.0,45,275000.0,85.0,1,White,Joint,55-64,80.0,Loan originated
1,1005000.0,49,1405000.0,207.0,1,Asian,Male,45-54,71.429,Loan originated
1,575000.0,39,655000.0,151.0,1,Hispanic or Latino,Male,35-44,88.0,Loan originated
1,425000.0,43,605000.0,120.0,1,Asian,Male,35-44,69.517,Loan originated
1,765000.0,36,1015000.0,347.0,1,Hispanic or Latino,Joint,45-54,75.89,Loan originated
1,225000.0,42,255000.0,62.0,1,White,Female,25-34,90.0,Loan originated
1,265000.0,44,485000.0,209.0,1,Asian,Joint,<25,53.907,Loan originated
1,545000.0,38,745000.0,159.0,1,Asian,Joint,25-34,73.103,Loan originated
1,615000.0,<20%,685000.0,398.0,1,White,Joint,45-54,90.0,Loan originated
1,755000.0,30%-<36%,845000.0,254.0,1,Asian,Female,25-34,90.0,Loan originated
1,725000.0,36,965000.0,356.0,1,White,Female,25-34,75.0,Loan originated
1,1135000.0,46,1515000.0,343.0,1,White,Joint,35-44,75.0,Loan originated
1,405000.0,>60%,515000.0,60.0,1,White,Male,25-34,80.0,Application denied
1,255000.0,43,705000.0,72.0,1,Asian,Male,55-64,35.716,Loan originated
1,555000.0,42,695000.0,208.0,1,Hispanic or Latino,Joint,<25,80.0,Loan originated
1,1125000.0,47,1405000.0,451.0,1,White,Female,35-44,80.0,Loan originated
1,355000.0,30%-<36%,505000.0,105.0,1,White,Joint,25-34,73.0,Loan originated
1,635000.0,20%-<30%,935000.0,274.0,1,Hispanic or Latino,Female,35-44,70.968,Application denied
1,515000.0,48,575000.0,136.0,1,Hispanic or Latino,Joint,35-44,90.0,Loan originated
1,275000.0,49,775000.0,77.0,1,White,Female,>74,36.0,Loan originated
1,605000.0,46,755000.0,176.0,1,White,Female,65-74,80.0,Loan originated
1,725000.0,47,805000.0,157.0,1,Asian,Male,25-34,90.0,Loan originated
1,435000.0,44,485000.0,100.0,1,White,Female,35-44,90.0,Loan originated
1,675000.0,43,795000.0,170.0,1,Asian,Male,25-34,84.884,Loan originated
1,815000.0,45,3125000.0,265.0,1,White,Joint,35-44,25.92,Loan originated
1,815000.0,45,935000.0,188.0,1,White,Male,35-44,87.097,Loan originated
1,385000.0,45,415000.0,117.0,1,White,Joint,35-44,95.0,Loan originated
1,435000.0,20%-<30%,685000.0,200.0,1,White,Joint,45-54,63.08,Loan originated
1,665000.0,41,835000.0,170.0,1,Asian,Female,45-54,80.0,Loan originated
1,745000.0,49,775000.0,205.0,1,Black or African American,Joint,35-44,94.99,Loan originated
1,665000.0,30%-<36%,1065000.0,213.0,1,White,Joint,35-44,62.37,Loan originated
1,635000.0,42,795000.0,155.0,1,Asian,Male,25-34,80.0,Loan originated
1,365000.0,39,765000.0,100.0,1,Asian,Female,25-34,48.06,Loan originated
1,445000.0,48,495000.0,85.0,1,Hispanic or Latino,Joint,35-44,90.0,Loan originated
1,205000.0,42,415000.0,46.0,1,White,Joint,45-54,48.78,Loan originated
1,405000.0,41,425000.0,87.0,1,Hispanic or Latino,Male,25-34,97.0,Loan originated
1,465000.0,37,585000.0,120.0,1,White,Male,35-44,80.0,Loan originated
1,395000.0,36,575000.0,143.0,1,White,Joint,35-44,67.789,Loan originated
1,365000.0,37,405000.0,94.0,1,White,Male,35-44,88.889,Loan originated
1,1135000.0,49,1205000.0,215.0,1,Asian,Male,25-34,94.33,Loan originated
1,805000.0,43,3855000.0,330.0,1,White,Male,65-74,20.742,Loan originated
1,895000.0,44,1495000.0,339.0,1,White,Joint,>74,89.99,Loan originated
1,765000.0,47,865000.0,352.0,1,White,Joint,25-34,89.13,Loan originated
1,425000.0,42,925000.0,150.0,1,White,Joint,55-64,45.946,Loan originated
1,655000.0,30%-<36%,825000.0,324.0,1,Asian,Joint,45-54,80.0,Loan originated
1,405000.0,48,425000.0,128.0,1,Hispanic or Latino,Joint,35-44,97.0,Loan originated
1,335000.0,49,395000.0,73.0,1,Hispanic or Latino,Male,65-74,85.0,Loan originated
1,295000.0,30%-<36%,885000.0,124.0,1,White,Male,25-34,33.523,Loan originated
1,1125000.0,20%-<30%,1245000.0,470.0,1,White,Joint,25-34,89.98,Loan originated
1,395000.0,38,465000.0,100.0,1,White,Male,25-34,85.0,Loan originated
1,1105000.0,30%-<36%,1955000.0,306.0,1,Asian,Joint,35-44,56.41,Loan originated
1,515000.0,47,685000.0,116.0,1,Black or African American,Female,55-64,75.0,Loan originated
1,1005000.0,44,1385000.0,226.0,1,Asian,Female,35-44,72.05,Loan originated
1,885000.0,40,1355000.0,515.0,1,Black or African American,Joint,65-74,65.667,Loan originated
1,205000.0,40,215000.0,140.0,1,Other,Joint,35-44,97.0,Loan originated
1,415000.0,48,445000.0,117.0,1,Hispanic or Latino,Joint,25-34,95.0,Loan originated
1,745000.0,20%-<30%,925000.0,304.0,1,Asian,Male,35-44,80.0,Loan originated
1,1055000.0,47,1165000.0,239.0,1,Asian,Male,35-44,89.994,Loan originated
1,1045000.0,38,1305000.0,261.0,1,Asian,Female,25-34,79.93,Loan originated
1,485000.0,50%-60%,485000.0,112.0,1,Hispanic or Latino,Male,45-54,100.754,Application denied
1,1085000.0,41,1555000.0,300.0,1,White,Joint,35-44,70.0,Loan originated
1,305000.0,40,345000.0,80.0,1,White,Male,35-44,85.739,Application denied
1,705000.0,49,785000.0,348.0,1,Asian,Male,35-44,89.99,Loan originated
1,705000.0,46,875000.0,158.0,1,Hispanic or Latino,Female,45-54,80.0,Loan originated
1,465000.0,49,485000.0,121.0,1,White,Joint,55-64,95.0,Loan originated
1,555000.0,44,915000.0,170.0,1,White,Female,25-34,60.11,Loan originated
1,315000.0,<20%,815000.0,249.0,1,White,Joint,45-54,39.0,Loan originated
1,285000.0,37,355000.0,135.0,1,White,Joint,25-34,80.0,Loan originated
1,315000.0,20%-<30%,355000.0,121.0,1,White,Joint,65-74,90.0,Loan originated
1,535000.0,38,565000.0,175.0,1,Hispanic or Latino,Joint,25-34,95.0,Loan originated
1,985000.0,48,1155000.0,287.0,1,White,Male,>74,85.0,Loan originated
1,285000.0,49,525000.0,77.0,1,White,Male,55-64,53.131,Loan originated
1,615000.0,48,655000.0,142.0,1,Hispanic or Latino,Joint,45-54,95.0,Loan originated
1,305000.0,41,385000.0,77.0,1,White,Female,55-64,80.0,Loan originated
1,415000.0,42,565000.0,108.0,1,Asian,Male,35-44,80.0,Application denied
1,285000.0,44,295000.0,103.0,1,Hispanic or Latino,Female,35-44,95.0,Loan originated
1,565000.0,43,625000.0,226.0,1,Asian,Male,45-54,89.993,Loan originated
1,525000.0,42,675000.0,130.0,1,White,Joint,45-54,78.11,Loan originated
1,1125000.0,37,1405000.0,316.0,1,White,Joint,25-34,80.0,Loan originated
1,545000.0,30%-<36%,675000.0,167.0,1,White,Male,25-34,80.0,Loan originated
1,545000.0,44,565000.0,145.0,1,White,Female,45-54,100.0,Loan originated
1,265000.0,49,285000.0,62.0,1,Hispanic or Latino,Female,35-44,95.0,Application denied
1,515000.0,43,545000.0,131.0,1,Asian,Male,35-44,95.0,Loan originated
1,425000.0,43,555000.0,146.0,1,White,Male,35-44,76.744,Loan originated
1,745000.0,42,935000.0,177.0,1,Hispanic or Latino,Male,45-54,80.0,Loan originated
1,975000.0,<20%,1625000.0,1590.0,1,Hispanic or Latino,Male,25-34,60.0,Application denied
1,305000.0,20%-<30%,1025000.0,190.0,1,White,Joint,55-64,29.412,Loan originated
1,705000.0,48,745000.0,172.0,1,Black or African American,Joint,25-34,94.99,Loan originated
1,965000.0,45,1085000.0,295.0,1,White,Joint,35-44,88.756,Loan originated
1,605000.0,46,875000.0,237.0,1,Asian,Female,65-74,68.42,Loan originated
1,425000.0,36,455000.0,143.0,1,Hispanic or Latino,Joint,35-44,95.0,Loan originated
1,35000.0,>60%,115000.0,1.0,1,White,Female,>74,29.822,Application denied
1,305000.0,42,325000.0,219.0,1,White,Joint,45-54,95.0,Loan originated
1,735000.0,42,915000.0,170.0,1,Asian,Male,35-44,80.0,Loan originated
1,515000.0,20%-<30%,735000.0,247.0,1,Asian,Male,45-54,70.0,Loan originated
1,985000.0,36,1285000.0,391.0,1,Asian,Male,25-34,76.838,Loan originated
1,575000.0,47,725000.0,170.0,1,Asian,Female,35-44,80.0,Loan originated
1,365000.0,40,995000.0,177.0,1,White,Male,65-74,36.87,Loan originated
1,565000.0,45,705000.0,130.0,1,Asian,Male,25-34,80.0,Loan originated
1,445000.0,30%-<36%,455000.0,209.0,1,Black or African American,Female,45-54,97.0,Loan originated
1,815000.0,46,1085000.0,405.0,1,Asian,Joint,25-34,75.0,Loan originated
1,975000.0,39,1585000.0,333.0,1,Asian,Joint,45-54,62.0,Loan originated
1,775000.0,44,865000.0,240.0,1,White,Male,35-44,90.0,Loan originated
1,1145000.0,50%-60%,1475000.0,281.0,1,Asian,Joint,35-44,78.163,Application denied
1,465000.0,40,665000.0,178.0,1,Hispanic or Latino,Male,25-34,80.0,Loan originated
1,235000.0,40,575000.0,115.0,1,White,Female,35-44,40.484,Loan originated
1,455000.0,20%-<30%,515000.0,520.0,1,Asian,Male,45-54,90.0,Loan originated
1,465000.0,49,495000.0,127.0,1,Asian,Female,35-44,95.0,Loan originated
1,675000.0,39,725000.0,183.0,1,Hispanic or Latino,Joint,55-64,93.14,Loan originated
1,235000.0,>60%,305000.0,64.0,1,White,Female,65-74,78.24,Application denied
1,505000.0,49,645000.0,154.0,1,Hispanic or Latino,Joint,55-64,79.057,Application denied
1,455000.0,49,805000.0,89.0,1,Asian,Male,35-44,57.0,Loan originated
1,285000.0,30%-<36%,625000.0,136.0,1,White,Male,55-64,44.82,Loan originated
1,665000.0,48,955000.0,140.0,1,Asian,Male,35-44,70.0,Loan originated
1,355000.0,47,475000.0,100.0,1,Hispanic or Latino,Female,25-34,75.0,Loan originated
1,695000.0,40,735000.0,204.0,1,Asian,Joint,45-54,95.0,Loan originated
1,615000.0,40,685000.0,155.0,1,Asian,Joint,55-64,90.0,Loan originated
1,585000.0,43,735000.0,224.0,1,White,Joint,45-54,80.0,Loan originated
1,655000.0,36,905000.0,203.0,1,White,Joint,<25,72.222,Loan originated
1,615000.0,36,685000.0,199.0,1,White,Joint,55-64,89.84,Loan originated
1,735000.0,49,915000.0,156.0,1,White,Joint,35-44,80.0,Loan originated
1,555000.0,43,655000.0,256.0,1,White,Joint,65-74,85.0,Loan originated
1,1095000.0,39,1465000.0,307.0,1,White,Male,35-44,75.0,Loan originated
1,575000.0,47,635000.0,155.0,1,Asian,Joint,45-54,90.0,Loan originated
1,645000.0,20%-<30%,865000.0,214.0,1,Asian,Joint,25-34,75.0,Loan originated
1,855000.0,50%-60%,1065000.0,168.0,1,White,Joint,25-34,79.962,Loan originated
1,605000.0,<20%,765000.0,639.0,1,White,Joint,35-44,80.0,Loan originated
1,605000.0,46,755000.0,207.0,1,White,Joint,35-44,80.0,Loan originated
1,1055000.0,41,1175000.0,298.0,1,White,Joint,35-44,89.96,Loan originated
1,765000.0,49,1525000.0,179.0,1,Asian,Male,25-34,50.164,Loan originated
1,345000.0,20%-<30%,385000.0,249.0,1,Asian,Joint,25-34,90.0,Loan originated
1,545000.0,42,575000.0,130.0,1,Asian,Male,35-44,95.0,Loan originated
1,505000.0,48,635000.0,131.0,1,White,Male,25-34,80.0,Loan originated
1,445000.0,37,505000.0,142.0,1,Asian,Female,45-54,89.99,Loan originated
1,525000.0,>60%,795000.0,110.0,1,Asian,Joint,35-44,65.81,Application denied
1,595000.0,46,745000.0,124.0,1,Asian,Joint,35-44,80.0,Loan originated
1,405000.0,30%-<36%,465000.0,136.0,1,White,Female,<25,87.184,Loan originated
1,405000.0,49,455000.0,80.0,1,White,Male,25-34,89.76,Loan originated
1,345000.0,49,465000.0,75.0,1,Asian,Male,25-34,74.053,Loan originated
1,125000.0,<20%,625000.0,168.0,1,White,Male,65-74,19.601,Loan originated
1,545000.0,42,1165000.0,129.0,1,White,Female,45-54,46.983,Loan originated
1,605000.0,49,755000.0,117.0,1,White,Joint,25-34,80.0,Loan originated
1,545000.0,48,645000.0,111.0,1,Asian,Female,35-44,85.0,Loan originated
1,485000.0,30%-<36%,525000.0,135.0,1,Hispanic or Latino,Female,25-34,91.894,Loan originated
1,735000.0,46,825000.0,171.0,1,Asian,Female,45-54,89.0,Loan originated
1,485000.0,46,605000.0,106.0,1,Asian,Joint,25-34,80.0,Loan originated
1,855000.0,20%-<30%,1425000.0,339.0,1,Asian,Male,35-44,59.45,Loan originated
1,385000.0,43,405000.0,98.0,1,Hispanic or Latino,Female,25-34,95.0,Loan originated
1,445000.0,49,465000.0,89.0,1,White,Female,55-64,100.0,Loan originated
1,1105000.0,20%-<30%,1535000.0,396.0,1,Asian,Female,45-54,71.895,Loan originated
1,305000.0,46,435000.0,71.0,1,Hispanic or Latino,Joint,35-44,70.0,Loan originated
1,165000.0,49,365000.0,44.0,1,Hispanic or Latino,Joint,55-64,44.444,Loan originated
1,165000.0,>60%,185000.0,92.0,1,Hispanic or Latino,Female,35-44,91.84,Application denied
1,1085000.0,39,1365000.0,281.0,1,White,Joint,45-54,80.0,Application denied
1,445000.0,20%-<30%,865000.0,184.0,1,White,Male,45-54,50.72,Loan originated
1,235000.0,41,875000.0,77.0,1,Asian,Female,35-44,27.0,Loan originated
1,395000.0,43,495000.0,137.0,1,White,Male,35-44,80.0,Loan originated
1,895000.0,39,1115000.0,255.0,1,Asian,Male,35-44,80.0,Loan originated
1,445000.0,45,525000.0,106.0,1,Asian,Female,35-44,85.0,Loan originated
1,565000.0,47,575000.0,191.0,1,Black or African American,Joint,55-64,97.0,Application denied
1,805000.0,30%-<36%,1185000.0,292.0,1,White,Female,45-54,67.797,Loan originated
1,765000.0,40,955000.0,314.0,1,Asian,Male,25-34,80.0,Loan originated
1,435000.0,49,465000.0,79.0,1,Asian,Female,35-44,95.0,Loan originated
1,765000.0,41,955000.0,310.0,1,Asian,Female,45-54,79.999,Application denied
1,305000.0,43,425000.0,76.0,1,Hispanic or Latino,Male,45-54,71.429,Loan originated
1,615000.0,36,645000.0,188.0,1,Asian,Female,35-44,95.0,Loan originated
1,345000.0,39,385000.0,120.0,1,Hispanic or Latino,Male,45-54,90.0,Loan originated
1,995000.0,44,1055000.0,243.0,1,White,Joint,35-44,95.0,Loan originated
1,755000.0,49,795000.0,159.0,1,Hispanic or Latino,Female,45-54,95.0,Loan originated
1,295000.0,41,425000.0,103.0,1,White,Joint,65-74,70.0,Loan originated
1,945000.0,<20%,1175000.0,592.0,1,White,Male,25-34,80.0,Loan originated
1,505000.0,49,745000.0,111.0,1,Hispanic or Latino,Joint,45-54,83.5,Loan originated
1,835000.0,20%-<30%,1245000.0,396.0,1,Asian,Joint,25-34,67.57,Loan originated
1,465000.0,37,485000.0,143.0,1,Asian,Female,35-44,95.0,Loan originated
1,415000.0,44,455000.0,94.0,1,White,Female,35-44,91.667,Loan originated
1,525000.0,40,535000.0,153.0,1,Hispanic or Latino,Joint,25-34,100.0,Loan originated
1,425000.0,49,465000.0,69.0,1,Black or African American,Male,35-44,90.0,Loan originated
1,995000.0,42,1335000.0,526.0,1,Asian,Joint,45-54,74.99,Loan originated
1,455000.0,49,535000.0,94.0,1,Hispanic or Latino,Joint,35-44,104.34,Loan originated
1,735000.0,47,1055000.0,174.0,1,Hispanic or Latino,Joint,35-44,70.0,Loan originated
1,1135000.0,30%-<36%,1755000.0,639.0,1,Asian,Joint,35-44,65.0,Loan originated
1,365000.0,44,385000.0,100.0,1,White,Male,35-44,95.0,Loan originated
1,265000.0,48,335000.0,54.0,1,White,Male,<25,80.0,Loan originated
1,205000.0,43,655000.0,60.0,1,White,Joint,65-74,30.769,Loan originated
1,345000.0,43,565000.0,91.0,1,Black or African American,Female,45-54,97.891,Loan originated
1,725000.0,<20%,905000.0,572.0,1,Hispanic or Latino,Joint,45-54,80.0,Loan originated
1,285000.0,42,355000.0,66.0,1,Hispanic or Latino,Female,35-44,80.0,Loan originated
1,245000.0,49,465000.0,63.0,1,Hispanic or Latino,Joint,45-54,52.95,Loan originated
1,275000.0,49,315000.0,73.0,1,White,Male,25-34,90.0,Loan originated
1,495000.0,48,525000.0,102.0,1,Hispanic or Latino,Male,35-44,98.0,Loan originated
1,495000.0,48,615000.0,109.0,1,White,Male,65-74,80.0,Loan originated
1,745000.0,49,1655000.0,165.0,1,Asian,Joint,45-54,44.97,Loan originated
1,635000.0,36,845000.0,160.0,1,White,Joint,35-44,74.389,Loan originated
1,455000.0,30%-<36%,475000.0,178.0,1,White,Male,35-44,95.0,Loan originated
1,665000.0,43,835000.0,150.0,1,Asian,Joint,35-44,80.0,Loan originated
1,255000.0,48,615000.0,78.0,1,White,Female,55-64,40.65,Loan originated
1,845000.0,47,995000.0,199.0,1,White,Joint,35-44,85.0,Loan originated
1,1055000.0,30%-<36%,1325000.0,361.0,1,White,Joint,35-44,80.0,Loan originated
1,605000.0,45,765000.0,131.0,1,White,Female,45-54,80.0,Loan originated
1,155000.0,42,355000.0,58.0,1,White,Joint,>74,42.85,Loan originated
1,555000.0,49,695000.0,152.0,1,Other,Joint,55-64,80.0,Loan originated
1,565000.0,41,895000.0,135.0,1,Asian,Joint,25-34,64.0,Loan originated
1,445000.0,43,555000.0,197.0,1,Hispanic or Latino,Female,45-54,80.0,Application denied
1,525000.0,30%-<36%,665000.0,167.0,1,White,Joint,25-34,80.0,Loan originated
1,505000.0,40,525000.0,119.0,1,Hispanic or Latino,Joint,35-44,97.0,Loan originated
1,395000.0,41,565000.0,119.0,1,White,Female,65-74,70.0,Loan originated
1,1025000.0,47,1255000.0,240.0,1,White,Male,45-54,82.0,Loan originated
1,535000.0,30%-<36%,555000.0,164.0,1,Hispanic or Latino,Female,25-34,97.0,Loan originated
1,895000.0,42,1145000.0,214.0,1,Asian,Joint,35-44,78.07,Loan originated
1,715000.0,>60%,695000.0,71.0,1,Other,Male,65-74,101.75,Application denied
1,765000.0,42,795000.0,193.0,1,White,Female,25-34,96.5,Loan originated
1,665000.0,48,695000.0,134.0,1,Asian,Male,35-44,95.0,Loan originated
1,505000.0,38,785000.0,153.0,1,Asian,Female,45-54,63.91,Loan originated
1,355000.0,37,705000.0,276.0,1,White,Male,55-64,50.58,Loan originated
1,1045000.0,30%-<36%,1315000.0,326.0,1,White,Joint,25-34,80.0,Loan originated
1,1085000.0,38,1805000.0,552.0,1,Asian,Joint,35-44,60.0,Loan originated
1,405000.0,41,435000.0,131.0,1,Hispanic or Latino,Joint,25-34,95.0,Loan originated
1,765000.0,20%-<30%,985000.0,742.0,1,White,Male,25-34,78.22,Loan originated
1,715000.0,30%-<36%,755000.0,277.0,1,Black or African American,Male,45-54,95.0,Loan originated
1,765000.0,43,835000.0,225.0,1,Asian,Male,45-54,91.952,Loan originated
1,495000.0,43,625000.0,167.0,1,Hispanic or Latino,Male,55-64,80.0,Loan originated
1,345000.0,49,505000.0,78.0,1,Asian,Female,<25,67.659,Loan originated
1,505000.0,30%-<36%,805000.0,258.0,1,White,Joint,55-64,62.5,Loan originated
1,135000.0,20%-<30%,165000.0,144.0,1,White,Joint,>74,82.76,Loan originated
1,565000.0,43,895000.0,380.0,1,White,Joint,25-34,63.128,Loan originated
1,315000.0,39,385000.0,87.0,1,Black or African American,Male,25-34,80.0,Loan originated
1,505000.0,47,645000.0,108.0,1,Hispanic or Latino,Male,35-44,79.453,Loan originated
1,285000.0,49,355000.0,124.0,1,Hispanic or Latino,Female,55-64,80.0,Loan originated
1,685000.0,38,865000.0,235.0,1,White,Joint,35-44,80.0,Loan originated
1,545000.0,48,895000.0,129.0,1,White,Female,35-44,61.0,Loan originated
1,975000.0,40,1685000.0,276.0,1,Asian,Male,35-44,67.5,Loan originated
1,565000.0,46,705000.0,241.0,1,Asian,Female,25-34,80.0,Loan originated
1,495000.0,45,555000.0,107.0,1,Hispanic or Latino,Male,25-34,90.0,Loan originated
1,105000.0,42,1705000.0,325.0,1,Asian,Joint,35-44,6.0,Loan originated
1,845000.0,30%-<36%,1125000.0,279.0,1,White,Male,35-44,75.0,Loan originated
1,795000.0,30%-<36%,995000.0,284.0,1,White,Female,35-44,80.0,Loan originated
1,445000.0,30%-<36%,885000.0,175.0,1,Asian,Male,<25,49.993,Loan originated
1,475000.0,39,505000.0,121.0,1,Hispanic or Latino,Male,25-34,95.0,Loan originated
1,405000.0,30%-<36%,465000.0,109.0,1,White,Female,45-54,87.097,Loan originated
1,465000.0,45,585000.0,121.0,1,Asian,Male,25-34,100.0,Loan originated
1,465000.0,20%-<30%,865000.0,445.0,1,White,Joint,55-64,70.94,Loan originated
1,435000.0,49,535000.0,170.0,1,Hispanic or Latino,Joint,25-34,80.0,Loan originated
1,255000.0,49,325000.0,55.0,1,Hispanic or Latino,Joint,35-44,80.0,Loan originated
1,615000.0,43,645000.0,130.0,1,Asian,Male,25-34,95.0,Loan originated
1,355000.0,40,375000.0,88.0,1,Hispanic or Latino,Male,45-54,97.0,Loan originated
1,115000.0,<20%,945000.0,179.0,1,Black or African American,Male,25-34,12.0,Loan originated
1,725000.0,39,805000.0,185.0,1,Asian,Joint,35-44,89.81,Loan originated
1,465000.0,50%-60%,455000.0,126.0,1,Black or African American,Female,25-34,101.75,Application denied
1,985000.0,41,1405000.0,299.0,1,Asian,Joint,55-64,69.99979,Loan originated
1,405000.0,49,475000.0,96.0,1,Hispanic or Latino,Joint,35-44,104.18,Loan originated
1,165000.0,44,415000.0,52.0,1,Hispanic or Latino,Joint,65-74,39.27,Loan originated
1,275000.0,49,665000.0,68.0,1,Hispanic or Latino,Male,55-64,42.0,Loan originated
1,735000.0,45,775000.0,176.0,1,Hispanic or Latino,Male,45-54,95.0,Loan originated
1,525000.0,49,655000.0,160.0,1,Black or African American,Female,45-54,80.0,Loan originated
1,765000.0,50%-60%,1025000.0,160.0,1,Asian,Joint,45-54,80.0,Application denied
1,245000.0,42,515000.0,83.0,1,Hispanic or Latino,Male,25-34,48.035,Loan originated
1,265000.0,49,275000.0,55.0,1,Hispanic or Latino,Female,35-44,97.0,Loan originated
1,395000.0,45,415000.0,90.0,1,Hispanic or Latino,Joint,45-54,95.0,Loan originated
1,1145000.0,30%-<36%,2155000.0,416.0,1,Hispanic or Latino,Male,35-44,53.465,Loan originated
1,995000.0,38,1255000.0,321.0,1,White,Male,45-54,80.0,Loan originated
1,525000.0,44,655000.0,134.0,1,White,Joint,25-34,80.0,Loan originated
1,795000.0,43,835000.0,241.0,1,Asian,Joint,25-34,95.0,Loan originated
1,705000.0,46,745000.0,177.0,1,Hispanic or Latino,Joint,35-44,95.0,Loan originated
1,745000.0,43,785000.0,188.0,1,Asian,Joint,35-44,95.0,Loan originated
1,685000.0,46,1455000.0,155.0,1,Hispanic or Latino,Joint,65-74,47.172,Loan originated
1,505000.0,38,555000.0,183.0,1,Asian,Joint,25-34,90.91,Loan originated
1,595000.0,50%-60%,735000.0,147.0,1,White,Male,35-44,80.0,Application denied
1,605000.0,42,1205000.0,267.0,1,White,Female,55-64,50.0,Loan originated
1,395000.0,20%-<30%,505000.0,142.0,1,Asian,Female,35-44,78.0,Loan originated
1,1025000.0,30%-<36%,1275000.0,372.0,1,Asian,Female,35-44,80.0,Loan originated
1,405000.0,49,425000.0,84.0,1,White,Joint,25-34,95.0,Loan originated
1,335000.0,20%-<30%,445000.0,148.0,1,White,Male,25-34,75.0,Application denied
1,745000.0,46,835000.0,168.0,1,White,Joint,45-54,90.0,Loan originated
1,545000.0,44,685000.0,118.0,1,White,Male,35-44,79.796,Loan originated
1,395000.0,46,405000.0,77.0,1,Hispanic or Latino,Male,25-34,100.0,Loan originated
1,405000.0,45,425000.0,82.0,1,Hispanic or Latino,Female,35-44,97.0,Loan originated
1,485000.0,47,615000.0,105.0,1,Asian,Joint,35-44,80.0,Loan originated
1,375000.0,37,395000.0,160.0,1,Black or African American,Male,35-44,95.0,Loan originated
1,405000.0,41,435000.0,123.0,1,Hispanic or Latino,Joint,25-34,103.92,Loan originated
1,255000.0,49,325000.0,89.0,1,White,Joint,45-54,80.0,Loan originated
1,635000.0,20%-<30%,705000.0,268.0,1,Asian,Female,25-34,90.0,Loan originated
1,675000.0,20%-<30%,845000.0,279.0,1,White,Joint,25-34,80.0,Loan originated
1,835000.0,45,875000.0,191.0,1,Asian,Joint,25-34,94.989,Loan originated
1,1055000.0,50%-60%,1555000.0,266.0,1,Asian,Joint,25-34,67.74,Application denied
1,765000.0,44,905000.0,257.0,1,Asian,Joint,35-44,85.0,Loan originated
1,425000.0,41,535000.0,122.0,1,Asian,Joint,45-54,79.449,Loan originated
1,465000.0,45,585000.0,100.0,1,Hispanic or Latino,Female,25-34,80.0,Loan originated
1,725000.0,48,905000.0,212.0,1,Hispanic or Latino,Joint,45-54,80.0,Loan originated
1,1035000.0,44,1375000.0,285.0,1,Asian,Female,45-54,75.0,Loan originated
1,215000.0,20%-<30%,435000.0,133.0,1,Hispanic or Latino,Joint,45-54,49.0,Loan originated
1,555000.0,36,615000.0,155.0,1,White,Female,55-64,90.0,Loan originated
1,655000.0,39,725000.0,200.0,1,White,Male,55-64,90.0,Loan originated
1,765000.0,37,785000.0,235.0,1,Asian,Joint,35-44,97.0,Loan originated
1,435000.0,45,455000.0,127.0,1,White,Male,45-54,95.0,Loan originated
1,905000.0,49,1195000.0,291.0,1,White,Female,45-54,75.63,Loan originated
1,275000.0,<20%,855000.0,311.0,1,Asian,Male,35-44,32.48,Loan originated
1,645000.0,50%-60%,675000.0,130.0,1,Hispanic or Latino,Male,35-44,95.0,Loan originated
1,725000.0,41,915000.0,15.0,1,Asian,Male,35-44,80.0,Loan originated
1,1125000.0,37,1405000.0,280.0,1,Asian,Male,25-34,80.0,Loan originated
1,485000.0,30%-<36%,565000.0,161.0,1,Hispanic or Latino,Joint,25-34,85.0,Loan originated
1,755000.0,43,1105000.0,200.0,1,Asian,Joint,35-44,68.182,Loan originated
1,615000.0,38,795000.0,186.0,1,White,Joint,35-44,80.0,Loan originated
1,515000.0,39,565000.0,158.0,1,Asian,Joint,25-34,90.0,Loan originated
1,495000.0,47,555000.0,114.0,1,White,Joint,35-44,90.0,Loan originated
1,1035000.0,40,1335000.0,272.0,1,Asian,Male,45-54,77.53,Loan originated
1,375000.0,30%-<36%,925000.0,171.0,1,White,Joint,55-64,40.217,Loan originated
1,425000.0,49,535000.0,151.0,1,Hispanic or Latino,Joint,25-34,80.0,Loan originated
1,465000.0,37,655000.0,124.0,1,White,Female,35-44,71.352,Loan originated
1,845000.0,30%-<36%,1155000.0,276.0,1,White,Joint,55-64,74.0,Loan originated
1,505000.0,20%-<30%,905000.0,213.0,1,White,Joint,45-54,55.556,Loan originated
1,325000.0,50%-60%,415000.0,148.0,1,Hispanic or Latino,Male,<25,80.0,Application denied
1,405000.0,38,445000.0,207.0,1,Hispanic or Latino,Female,35-44,90.0,Loan originated
1,405000.0,48,505000.0,95.0,1,Hispanic or Latino,Male,25-34,80.0,Application denied
1,585000.0,44,615000.0,135.0,1,Asian,Joint,35-44,95.0,Loan originated
1,445000.0,42,565000.0,125.0,1,Asian,Female,45-54,79.11,Loan originated
1,375000.0,50%-60%,625000.0,130.0,1,Asian,Joint,55-64,60.0,Application denied
1,1085000.0,48,1235000.0,272.0,1,Asian,Joint,35-44,88.0,Loan originated
1,105000.0,20%-<30%,305000.0,64.0,1,White,Male,65-74,35.0,Application denied
1,795000.0,30%-<36%,985000.0,235.0,1,Asian,Male,25-34,80.0,Loan originated
1,345000.0,43,395000.0,93.0,1,White,Male,45-54,87.47,Loan originated
1,495000.0,48,545000.0,196.0,1,Hispanic or Latino,Male,35-44,90.0,Loan originated
1,805000.0,20%-<30%,905000.0,308.0,1,Asian,Joint,25-34,89.0,Loan originated
1,455000.0,41,495000.0,124.0,1,Hispanic or Latino,Male,25-34,92.525,Loan originated
1,855000.0,20%-<30%,1085000.0,606.0,1,White,Joint,25-34,78.704,Loan originated
1,715000.0,20%-<30%,955000.0,256.0,1,White,Joint,35-44,75.0,Loan originated
1,495000.0,48,525000.0,106.0,1,White,Male,25-34,95.0,Loan originated
1,595000.0,40,625000.0,156.0,1,Hispanic or Latino,Male,35-44,95.0,Loan originated
1,355000.0,30%-<36%,475000.0,158.0,1,White,Joint,55-64,75.0,Loan originated
1,455000.0,45,575000.0,106.0,1,White,Joint,65-74,80.0,Application denied
1,135000.0,41,165000.0,112.0,1,Hispanic or Latino,Joint,35-44,80.0,Loan originated
1,515000.0,30%-<36%,645000.0,255.0,1,White,Female,45-54,80.0,Loan originated
1,435000.0,44,845000.0,136.0,1,White,Female,45-54,52.1,Loan originated
1,1005000.0,30%-<36%,1765000.0,312.0,1,Asian,Joint,45-54,56.79,Loan originated
1,435000.0,30%-<36%,545000.0,185.0,1,Hispanic or Latino,Female,65-74,80.0,Loan originated
1,375000.0,44,875000.0,102.0,1,White,Joint,45-54,42.857,Loan originated
1,445000.0,20%-<30%,555000.0,194.0,1,White,Joint,35-44,80.0,Loan originated
1,645000.0,44,1075000.0,180.0,1,Asian,Female,35-44,60.0,Loan originated
1,285000.0,30%-<36%,425000.0,99.0,1,Hispanic or Latino,Male,45-54,67.059,Loan originated
1,525000.0,43,625000.0,198.0,1,Asian,Joint,25-34,84.177,Loan originated
1,425000.0,37,905000.0,158.0,1,White,Joint,55-64,48.571,Loan originated
1,135000.0,<20%,595000.0,127.0,1,White,Joint,>74,22.689,Loan originated
1,765000.0,41,805000.0,477.0,1,Asian,Male,25-34,94.693,Loan originated
1,255000.0,46,285000.0,65.0,1,Hispanic or Latino,Male,<25,90.0,Application denied
1,465000.0,39,515000.0,130.0,1,White,Female,25-34,90.0,Loan originated
1,535000.0,42,555000.0,141.0,1,White,Female,45-54,95.0,Loan originated
1,405000.0,49,445000.0,118.0,1,Hispanic or Latino,Female,55-64,89.749,Loan originated
1,445000.0,30%-<36%,645000.0,123.0,1,White,Female,65-74,69.183,Loan originated
1,385000.0,48,395000.0,81.0,1,Hispanic or Latino,Male,45-54,97.0,Loan originated
1,465000.0,20%-<30%,585000.0,234.0,1,White,Female,55-64,80.0,Loan originated
1,455000.0,48,565000.0,117.0,1,Hispanic or Latino,Female,35-44,80.0,Loan originated
1,245000.0,20%-<30%,745000.0,139.0,1,White,Joint,65-74,32.432,Loan originated
1,245000.0,20%-<30%,335000.0,95.0,1,White,Female,35-44,74.0,Loan originated
1,415000.0,47,645000.0,101.0,1,Hispanic or Latino,Female,45-54,65.0,Loan originated
1,525000.0,46,655000.0,131.0,1,White,Male,25-34,80.0,Loan originated
1,465000.0,48,585000.0,100.0,1,Asian,Female,55-64,80.0,Loan originated
1,385000.0,44,415000.0,108.0,1,White,Female,25-34,95.0,Loan originated
1,725000.0,42,905000.0,207.0,1,Asian,Female,35-44,80.0,Application denied
1,505000.0,40,525000.0,139.0,1,Hispanic or Latino,Male,25-34,97.0,Loan originated
1,455000.0,30%-<36%,575000.0,145.0,1,Asian,Female,35-44,80.0,Loan originated
1,695000.0,48,715000.0,142.0,1,Hispanic or Latino,Female,35-44,100.0,Loan originated
1,225000.0,46,245000.0,67.0,1,Hispanic or Latino,Joint,45-54,90.0,Loan originated
1,585000.0,38,615000.0,157.0,1,White,Female,>74,94.99,Loan originated
1,385000.0,40,1235000.0,160.0,1,White,Male,35-44,30.894,Loan originated
1,385000.0,36,425000.0,114.0,1,White,Joint,35-44,90.0,Loan originated
1,625000.0,45,775000.0,140.0,1,Asian,Male,25-34,80.0,Loan originated
1,655000.0,40,815000.0,189.0,1,White,Female,65-74,80.0,Loan originated
1,955000.0,45,1015000.0,292.0,1,Black or African American,Joint,35-44,93.6,Loan originated
1,425000.0,30%-<36%,535000.0,144.0,1,White,Joint,25-34,80.0,Loan originated
1,685000.0,40,855000.0,180.0,1,Asian,Joint,25-34,80.0,Loan originated
1,1145000.0,>60%,1205000.0,234.0,1,Hispanic or Latino,Joint,65-74,97.902,Application denied
1,775000.0,47,1295000.0,208.0,1,White,Male,25-34,60.0,Loan originated
1,225000.0,36,475000.0,68.0,1,White,Male,25-34,47.146,Loan originated
1,365000.0,49,495000.0,82.0,1,White,Female,25-34,73.469,Loan originated
1,785000.0,42,835000.0,254.0,1,White,Male,35-44,95.0,Loan originated
1,765000.0,36,955000.0,251.0,1,Asian,Male,45-54,80.0,Loan originated
1,445000.0,38,555000.0,177.0,1,White,Female,35-44,80.0,Loan originated
1,855000.0,42,905000.0,223.0,1,Hispanic or Latino,Joint,35-44,94.444,Loan originated
1,505000.0,20%-<30%,1035000.0,260.0,1,Asian,Female,45-54,48.17,Loan originated
1,1145000.0,46,1425000.0,270.0,1,White,Male,35-44,80.0,Loan originated
1,225000.0,48,235000.0,65.0,1,Black or African American,Male,>74,95.0,Loan originated
1,705000.0,47,885000.0,147.0,1,Asian,Joint,35-44,80.0,Loan originated
1,525000.0,41,655000.0,131.0,1,Hispanic or Latino,Male,55-64,80.0,Loan originated
1,385000.0,30%-<36%,475000.0,122.0,1,Asian,Male,35-44,80.0,Loan originated
1,305000.0,38,675000.0,113.0,1,White,Male,25-34,44.51,Loan originated
1,215000.0,36,895000.0,180.0,1,White,Joint,25-34,23.526,Loan originated
1,725000.0,42,1255000.0,201.0,1,Asian,Female,25-34,58.24,Loan originated
1,355000.0,48,445000.0,89.0,1,White,Female,<25,80.0,Loan originated
1,485000.0,30%-<36%,785000.0,220.0,1,White,Joint,45-54,61.972,Loan originated
1,425000.0,30%-<36%,535000.0,271.0,1,White,Male,45-54,80.0,Loan originated
1,365000.0,47,735000.0,90.0,1,White,Female,35-44,48.98,Loan originated
1,515000.0,30%-<36%,535000.0,177.0,1,White,Joint,35-44,97.0,Loan originated
1,1085000.0,<20%,1355000.0,1350.0,1,White,Joint,45-54,80.0,Application denied
1,195000.0,37,255000.0,96.0,1,White,Female,45-54,77.0,Loan originated
1,625000.0,43,1225000.0,190.0,1,White,Joint,65-74,51.02,Loan originated
1,695000.0,43,815000.0,239.0,1,White,Male,25-34,85.0,Loan originated
1,625000.0,48,655000.0,116.0,1,Hispanic or Latino,Joint,45-54,95.0,Loan originated
1,505000.0,42,755000.0,146.0,1,Asian,Male,35-44,66.72,Loan originated
1,1115000.0,37,1595000.0,339.0,1,Asian,Male,25-34,70.0,Loan originated
1,365000.0,44,475000.0,102.0,1,Hispanic or Latino,Female,35-44,78.0,Application denied
1,685000.0,20%-<30%,985000.0,282.0,1,White,Joint,25-34,70.0,Loan originated
1,705000.0,45,885000.0,150.0,1,White,Male,25-34,80.0,Loan originated
1,315000.0,43,335000.0,130.0,1,Hispanic or Latino,Joint,<25,95.0,Loan originated
1,505000.0,49,675000.0,182.0,1,White,Female,25-34,75.0,Loan originated
1,545000.0,49,575000.0,164.0,1,Hispanic or Latino,Female,35-44,98.8,Loan originated
1,525000.0,30%-<36%,585000.0,196.0,1,Hispanic or Latino,Joint,35-44,89.991,Loan originated
1,335000.0,48,615000.0,95.0,1,Hispanic or Latino,Joint,35-44,54.16,Loan originated
1,365000.0,46,585000.0,104.0,1,White,Female,45-54,63.11,Loan originated
1,345000.0,42,385000.0,85.0,1,White,Male,25-34,88.432,Loan originated
1,765000.0,48,1175000.0,174.0,1,White,Female,45-54,65.517,Loan originated
1,355000.0,20%-<30%,1555000.0,240.0,1,White,Joint,55-64,22.83,Loan originated
1,505000.0,48,665000.0,120.0,1,Asian,Joint,45-54,75.0,Loan originated
1,995000.0,41,1255000.0,287.0,1,White,Male,25-34,80.0,Loan originated
1,325000.0,40,345000.0,131.0,1,Black or African American,Male,55-64,95.0,Application denied
1,565000.0,49,775000.0,160.0,1,White,Joint,45-54,72.903,Loan originated
1,635000.0,20%-<30%,815000.0,321.0,1,Asian,Joint,25-34,77.301,Loan originated
1,865000.0,46,1385000.0,311.0,1,Asian,Male,45-54,62.762,Loan originated
1,425000.0,38,535000.0,330.0,1,White,Joint,25-34,80.0,Loan originated
1,715000.0,46,795000.0,185.0,1,Black or African American,Female,25-34,89.999,Loan originated
1,425000.0,40,535000.0,117.0,1,White,Male,25-34,80.0,Loan originated
1,435000.0,20%-<30%,685000.0,195.0,1,Asian,Male,35-44,63.24,Loan originated
1,585000.0,38,655000.0,139.0,1,White,Male,25-34,89.999,Loan originated
1,355000.0,49,505000.0,87.0,1,White,Female,25-34,71.0,Loan originated
1,475000.0,48,615000.0,116.0,1,Asian,Joint,25-34,78.043,Loan originated
1,325000.0,47,405000.0,298.0,1,Asian,Joint,25-34,80.0,Loan originated
1,475000.0,36,675000.0,166.0,1,White,Female,55-64,70.0,Loan originated
1,705000.0,30%-<36%,825000.0,216.0,1,White,Joint,35-44,103.149,Loan originated
1,295000.0,40,395000.0,116.0,1,Asian,Male,45-54,75.0,Loan originated
1,995000.0,48,1055000.0,324.0,1,White,Male,25-34,95.0,Loan originated
1,545000.0,49,605000.0,121.0,1,Hispanic or Latino,Joint,55-64,90.0,Loan originated
1,465000.0,37,575000.0,139.0,1,Asian,Joint,45-54,80.0,Loan originated
1,555000.0,30%-<36%,695000.0,187.0,1,Hispanic or Latino,Male,25-34,79.972,Loan originated
1,335000.0,42,445000.0,106.0,1,White,Male,25-34,75.0,Loan originated
1,465000.0,48,575000.0,90.0,1,Black or African American,Joint,35-44,80.0,Loan originated
1,805000.0,36,1005000.0,205.0,1,Asian,Male,25-34,80.0,Loan originated
1,445000.0,49,595000.0,103.0,1,White,Male,45-54,75.424,Loan originated
1,735000.0,36,915000.0,292.0,1,White,Joint,55-64,80.0,Loan originated
1,565000.0,46,715000.0,253.0,1,Hispanic or Latino,Male,45-54,80.0,Loan originated
1,665000.0,43,835000.0,195.0,1,White,Joint,25-34,80.0,Loan originated
1,775000.0,44,965000.0,174.0,1,White,Joint,25-34,80.0,Loan originated
1,575000.0,43,875000.0,144.0,1,Asian,Joint,25-34,65.71,Loan originated
1,425000.0,49,525000.0,97.0,1,White,Female,25-34,80.0,Loan originated
1,495000.0,36,525000.0,190.0,1,White,Male,25-34,95.0,Loan originated
1,405000.0,41,1105000.0,120.0,1,White,Joint,>74,36.364,Loan originated
1,495000.0,44,615000.0,131.0,1,Other,Female,35-44,80.0,Loan originated
1,715000.0,20%-<30%,845000.0,340.0,1,Hispanic or Latino,Female,35-44,85.0,Loan originated
1,585000.0,47,725000.0,257.0,1,Hispanic or Latino,Male,55-64,80.0,Loan originated
1,165000.0,49,175000.0,164.0,1,White,Male,35-44,95.0,Loan originated
1,625000.0,48,695000.0,130.0,1,Asian,Joint,35-44,89.99,Loan originated
1,205000.0,49,415000.0,80.0,1,Hispanic or Latino,Joint,55-64,50.0,Loan originated
1,155000.0,50%-60%,155000.0,84.0,1,Hispanic or Latino,Joint,55-64,95.84,Application denied
1,585000.0,>60%,615000.0,9.0,1,Asian,Joint,55-64,95.0,Application denied
1,725000.0,49,905000.0,193.0,1,Asian,Joint,35-44,80.0,Loan originated
1,805000.0,<20%,895000.0,547.0,1,Hispanic or Latino,Female,25-34,90.0,Loan originated
1,575000.0,37,675000.0,165.0,1,White,Joint,25-34,85.29,Loan originated
1,1075000.0,20%-<30%,1435000.0,381.0,1,Asian,Male,25-34,75.0,Loan originated
1,325000.0,45,405000.0,75.0,1,White,Joint,55-64,80.0,Loan originated
1,425000.0,30%-<36%,655000.0,177.0,1,Asian,Joint,35-44,64.204,Loan originated
1,585000.0,<20%,735000.0,0.0,1,Asian,Female,35-44,80.0,Application denied
1,1125000.0,50%-60%,1405000.0,420.0,1,White,Male,35-44,80.0,Application denied
1,885000.0,49,1105000.0,174.0,1,White,Male,45-54,80.0,Loan originated
1,525000.0,38,705000.0,187.0,1,Asian,Joint,55-64,74.493,Loan originated
1,665000.0,43,735000.0,195.0,1,Hispanic or Latino,Joint,55-64,89.99,Loan originated
1,275000.0,>60%,275000.0,29.0,1,Asian,Joint,45-54,97.0,Application denied
1,655000.0,50%-60%,1085000.0,174.0,1,Asian,Joint,35-44,60.0,Loan originated
1,765000.0,41,1555000.0,195.0,1,White,Male,25-34,50.0,Loan originated
1,565000.0,43,585000.0,145.0,1,White,Male,35-44,97.0,Loan originated
1,805000.0,44,955000.0,250.0,1,White,Male,35-44,85.0,Loan originated
1,655000.0,43,765000.0,166.0,1,White,Joint,25-34,85.0,Loan originated
1,245000.0,44,315000.0,65.0,1,White,Male,45-54,80.0,Loan originated
1,1005000.0,44,1375000.0,250.0,1,Asian,Male,35-44,73.0,Loan originated
1,525000.0,46,555000.0,123.0,1,Hispanic or Latino,Joint,<25,95.0,Loan originated
1,945000.0,47,1185000.0,277.0,1,Asian,Male,25-34,80.0,Loan originated
1,495000.0,49,665000.0,94.0,1,White,Joint,25-34,75.0,Loan originated
1,1145000.0,30%-<36%,1275000.0,381.0,1,Asian,Joint,25-34,89.86,Loan originated
1,635000.0,48,705000.0,180.0,1,Asian,Female,35-44,90.46,Loan originated
1,685000.0,49,755000.0,199.0,1,White,Joint,>74,90.0,Loan originated
1,695000.0,30%-<36%,835000.0,222.0,1,Asian,Joint,35-44,83.984,Loan originated
1,195000.0,20%-<30%,215000.0,254.0,1,White,Joint,35-44,89.504,Loan originated
1,595000.0,46,615000.0,176.0,1,Hispanic or Latino,Male,35-44,97.0,Loan originated
1,745000.0,30%-<36%,1145000.0,29.0,1,Asian,Male,35-44,65.0,Loan originated
1,855000.0,44,1135000.0,181.0,1,White,Male,35-44,75.0,Loan originated
1,725000.0,49,805000.0,207.0,1,White,Male,65-74,90.0,Loan originated
1,665000.0,49,735000.0,130.0,1,White,Male,35-44,90.0,Loan originated
1,385000.0,39,425000.0,105.0,1,White,Male,45-54,90.0,Loan originated
1,635000.0,46,675000.0,117.0,1,Hispanic or Latino,Male,45-54,96.49,Loan originated
1,895000.0,42,1005000.0,299.0,1,White,Female,55-64,90.0,Loan originated
1,805000.0,50%-60%,855000.0,168.0,1,Asian,Male,35-44,94.0,Loan originated
1,625000.0,20%-<30%,1075000.0,257.0,1,White,Joint,35-44,57.944,Loan originated
1,745000.0,30%-<36%,1905000.0,414.0,1,Asian,Male,35-44,40.0,Loan originated
1,1105000.0,42,1385000.0,420.0,1,Asian,Joint,35-44,80.0,Loan originated
1,385000.0,47,455000.0,116.0,1,Asian,Female,55-64,85.0,Loan originated
1,435000.0,42,545000.0,99.0,1,White,Male,35-44,80.0,Loan originated
1,845000.0,36,1055000.0,385.0,1,White,Female,35-44,80.0,Loan originated
1,605000.0,37,935000.0,165.0,1,Asian,Female,35-44,64.516,Loan originated
1,595000.0,49,745000.0,139.0,1,White,Joint,25-34,80.0,Loan originated
1,755000.0,42,1645000.0,485.0,1,White,Joint,45-54,45.71,Loan originated
1,555000.0,47,1045000.0,152.0,1,Asian,Male,45-54,53.32,Loan originated
1,235000.0,50%-60%,235000.0,61.0,1,Hispanic or Latino,Female,<25,97.67,Application denied
1,715000.0,20%-<30%,895000.0,473.0,1,White,Male,35-44,80.0,Loan originated
1,285000.0,20%-<30%,675000.0,192.0,1,Asian,Female,45-54,41.81,Loan originated
1,495000.0,20%-<30%,1185000.0,279.0,1,White,Joint,35-44,41.525,Loan originated
1,525000.0,48,765000.0,137.0,1,Hispanic or Latino,Female,35-44,68.63,Loan originated
1,395000.0,41,595000.0,120.0,1,White,Male,55-64,66.102,Loan originated
1,885000.0,48,1475000.0,245.0,1,White,Joint,35-44,59.994,Loan originated
1,355000.0,49,445000.0,67.0,1,Hispanic or Latino,Female,25-34,80.0,Loan originated
1,485000.0,42,535000.0,108.0,1,Hispanic or Latino,Male,35-44,99.693,Loan originated
1,215000.0,41,375000.0,53.0,1,White,Male,25-34,57.67,Loan originated
1,285000.0,48,375000.0,96.0,1,Hispanic or Latino,Female,35-44,75.0,Loan originated
1,325000.0,48,335000.0,67.0,1,Hispanic or Latino,Female,25-34,97.0,Loan originated
1,1005000.0,50%-60%,1315000.0,170.0,1,White,Male,35-44,76.34,Loan originated
1,465000.0,44,585000.0,225.0,1,White,Female,45-54,80.0,Loan originated
1,605000.0,30%-<36%,1805000.0,427.0,1,White,Male,55-64,34.0,Loan originated
1,885000.0,48,1105000.0,225.0,1,White,Male,>74,80.0,Loan originated
1,525000.0,46,585000.0,110.0,1,Hispanic or Latino,Male,25-34,90.0,Loan originated
1,525000.0,39,555000.0,150.0,1,Hispanic or Latino,Female,25-34,95.0,Loan originated
1,615000.0,46,655000.0,179.0,1,White,Joint,>74,95.0,Application denied
1,1145000.0,30%-<36%,1555000.0,391.0,1,Asian,Joint,25-34,74.129,Loan originated
1,555000.0,39,1175000.0,163.0,1,Asian,Male,25-34,46.809,Loan originated
1,585000.0,20%-<30%,735000.0,222.0,1,White,Joint,35-44,80.0,Loan originated
1,765000.0,43,795000.0,208.0,1,Asian,Female,25-34,97.03,Application denied
1,275000.0,49,485000.0,93.0,1,Hispanic or Latino,Joint,45-54,57.917,Loan originated
1,625000.0,47,655000.0,160.0,1,Asian,Male,25-34,95.0,Loan originated
1,325000.0,49,335000.0,104.0,1,Hispanic or Latino,Male,65-74,97.0,Loan originated
1,125000.0,47,425000.0,120.0,1,Hispanic or Latino,Male,45-54,30.07,Loan originated
1,405000.0,49,1005000.0,95.0,1,White,Joint,25-34,80.0,Loan originated
1,505000.0,48,595000.0,108.0,1,Hispanic or Latino,Male,25-34,85.0,Loan originated
1,395000.0,30%-<36%,495000.0,147.0,1,Hispanic or Latino,Joint,55-64,80.0,Loan originated
1,995000.0,48,2355000.0,243.0,1,White,Joint,55-64,42.47,Loan originated
1,245000.0,39,595000.0,71.0,1,White,Female,>74,41.176,Loan originated
1,405000.0,42,515000.0,113.0,1,White,Male,45-54,80.0,Loan originated
1,775000.0,50%-60%,875000.0,209.0,1,Asian,Joint,35-44,88.571,Loan originated
1,365000.0,47,415000.0,94.0,1,White,Male,35-44,90.0,Loan originated
1,755000.0,37,1465000.0,369.0,1,Asian,Joint,35-44,51.3,Loan originated
1,375000.0,46,425000.0,94.0,1,White,Female,25-34,90.0,Loan originated
1,765000.0,49,1275000.0,150.0,1,White,Male,35-44,61.0,Loan originated
1,275000.0,30%-<36%,465000.0,96.0,1,White,Male,35-44,60.0,Loan originated
1,435000.0,20%-<30%,545000.0,170.0,1,White,Female,25-34,80.0,Application denied
1,675000.0,20%-<30%,1275000.0,310.0,1,Asian,Joint,25-34,53.0,Loan originated
1,585000.0,39,735000.0,161.0,1,Asian,Male,25-34,80.0,Loan originated
1,415000.0,20%-<30%,715000.0,177.0,1,Asian,Male,25-34,57.913,Loan originated
1,325000.0,20%-<30%,335000.0,136.0,1,White,Female,55-64,97.0,Loan originated
1,355000.0,37,465000.0,113.0,1,Asian,Female,25-34,76.1,Loan originated
1,455000.0,38,655000.0,157.0,1,Hispanic or Latino,Joint,45-54,70.0,Loan originated
1,305000.0,36,375000.0,90.0,1,Hispanic or Latino,Female,25-34,80.0,Loan originated
1,175000.0,45,645000.0,61.0,1,White,Joint,65-74,26.81,Loan originated
1,485000.0,47,505000.0,109.0,1,Hispanic or Latino,Female,45-54,95.0,Loan originated
1,455000.0,20%-<30%,605000.0,330.0,1,Asian,Female,25-34,84.629,Loan originated
1,675000.0,49,755000.0,145.0,1,Hispanic or Latino,Male,45-54,90.0,Loan originated
1,265000.0,48,325000.0,62.0,1,Hispanic or Latino,Joint,45-54,80.0,Loan originated
1,765000.0,39,1285000.0,216.0,1,White,Joint,25-34,59.84,Loan originated
1,765000.0,46,815000.0,186.0,1,Hispanic or Latino,Male,25-34,94.636,Loan originated
1,685000.0,44,725000.0,174.0,1,Hispanic or Latino,Joint,<25,95.0,Loan originated
1,315000.0,45,345000.0,129.0,1,Hispanic or Latino,Male,<25,91.39,Loan originated
1,355000.0,43,375000.0,103.0,1,Hispanic or Latino,Female,45-54,95.0,Loan originated
1,465000.0,49,625000.0,120.0,1,Asian,Joint,25-34,75.0,Loan originated
1,615000.0,37,765000.0,166.0,1,Hispanic or Latino,Female,35-44,80.0,Loan originated
1,235000.0,43,315000.0,302.0,1,Asian,Joint,25-34,75.0,Loan originated
1,415000.0,49,515000.0,140.0,1,White,Male,55-64,79.994,Loan originated
1,1115000.0,37,1175000.0,449.0,1,Black or African American,Joint,35-44,95.043,Loan originated
1,455000.0,49,475000.0,98.0,1,Black or African American,Female,55-64,95.0,Loan originated
1,295000.0,37,955000.0,114.0,1,White,Female,65-74,30.24,Loan originated
1,685000.0,<20%,855000.0,1299.0,1,Hispanic or Latino,Male,25-34,80.0,Loan originated
1,985000.0,30%-<36%,1225000.0,404.0,1,White,Joint,55-64,80.0,Loan originated
1,365000.0,44,455000.0,133.0,1,Asian,Male,25-34,80.0,Loan originated
1,565000.0,45,595000.0,129.0,1,Hispanic or Latino,Female,45-54,97.521,Loan originated
1,395000.0,20%-<30%,795000.0,220.0,1,Asian,Joint,25-34,49.994,Loan originated
1,535000.0,40,605000.0,156.0,1,Asian,Male,25-34,89.983,Loan originated
1,605000.0,<20%,805000.0,637.0,1,White,Male,25-34,80.0,Loan originated
1,765000.0,50%-60%,1175000.0,153.0,1,White,Joint,45-54,65.0,Application denied
1,765000.0,47,815000.0,180.0,1,Hispanic or Latino,Joint,35-44,95.0,Loan originated
1,495000.0,40,665000.0,113.0,1,Asian,Female,25-34,75.0,Loan originated
1,505000.0,38,605000.0,175.0,1,Hispanic or Latino,Male,45-54,83.502,Loan originated
1,155000.0,44,255000.0,35.0,1,Hispanic or Latino,Male,45-54,60.0,Loan originated
1,565000.0,49,595000.0,121.0,1,Hispanic or Latino,Male,25-34,95.0,Application denied
1,685000.0,49,865000.0,140.0,1,Asian,Joint,45-54,80.0,Loan originated
1,325000.0,49,335000.0,72.0,1,White,Male,25-34,97.0,Loan originated
1,215000.0,44,655000.0,83.0,1,White,Male,>74,33.026,Application denied
1,585000.0,30%-<36%,735000.0,170.0,1,Asian,Female,25-34,80.0,Loan originated
1,645000.0,30%-<36%,805000.0,215.0,1,White,Joint,35-44,80.0,Loan originated
1,675000.0,42,845000.0,258.0,1,Asian,Joint,25-34,80.0,Loan originated
1,765000.0,40,955000.0,204.0,1,White,Joint,25-34,80.0,Loan originated
1,485000.0,49,645000.0,106.0,1,Asian,Joint,25-34,95.0,Application denied
1,885000.0,30%-<36%,1115000.0,274.0,1,White,Joint,35-44,80.0,Loan originated
1,525000.0,42,1225000.0,212.0,1,Asian,Joint,25-34,43.043,Loan originated
1,635000.0,38,795000.0,185.0,1,White,Joint,45-54,80.0,Loan originated
1,295000.0,49,365000.0,82.0,1,Hispanic or Latino,Male,35-44,81.57,Loan originated
1,245000.0,48,285000.0,63.0,1,White,Joint,55-64,85.965,Loan originated
1,565000.0,45,1165000.0,184.0,1,White,Female,55-64,48.32,Loan originated
1,895000.0,41,1105000.0,267.0,1,Asian,Joint,25-34,88.18,Loan originated
1,365000.0,40,935000.0,129.0,1,Hispanic or Latino,Joint,65-74,38.71,Loan originated
1,455000.0,43,565000.0,129.0,1,Black or African American,Female,45-54,80.0,Loan originated
1,695000.0,38,735000.0,276.0,1,White,Joint,35-44,95.0,Loan originated
1,605000.0,40,1005000.0,211.0,1,White,Female,35-44,60.0,Loan originated
1,765000.0,36,895000.0,217.0,1,Asian,Female,35-44,88.11,Loan originated
1,865000.0,46,915000.0,265.0,1,Black or African American,Male,35-44,95.0,Loan originated
1,945000.0,49,995000.0,229.0,1,White,Male,35-44,95.0,Loan originated
1,1095000.0,42,1155000.0,295.0,1,White,Male,35-44,95.0,Loan originated
1,535000.0,<20%,725000.0,393.0,1,Asian,Male,35-44,74.0,Loan originated
1,855000.0,39,905000.0,228.0,1,White,Female,35-44,95.0,Loan originated
1,305000.0,<20%,865000.0,705.0,1,White,Male,<25,34.843,Loan originated
1,265000.0,43,335000.0,61.0,1,White,Male,25-34,78.788,Loan originated
1,545000.0,43,685000.0,144.0,1,White,Male,25-34,80.0,Loan originated
1,945000.0,48,1255000.0,198.0,1,Asian,Joint,45-54,75.0,Loan originated
1,765000.0,49,955000.0,246.0,1,Hispanic or Latino,Joint,35-44,80.0,Loan originated
1,395000.0,20%-<30%,495000.0,155.0,1,Asian,Male,35-44,80.0,Loan originated
1,445000.0,47,525000.0,102.0,1,Asian,Male,25-34,85.0,Loan originated
1,545000.0,20%-<30%,615000.0,436.0,1,Asian,Joint,55-64,90.0,Loan originated
1,1045000.0,41,1305000.0,371.0,1,Asian,Joint,25-34,80.0,Loan originated
1,675000.0,50%-60%,695000.0,279.0,1,Hispanic or Latino,Joint,35-44,97.0,Application denied
1,1015000.0,43,1455000.0,230.0,1,Asian,Female,35-44,70.0,Loan originated
1,445000.0,43,595000.0,109.0,1,Hispanic or Latino,Male,25-34,75.0,Loan originated
1,385000.0,49,405000.0,77.0,1,Hispanic or Latino,Male,25-34,96.5,Loan originated
1,265000.0,47,335000.0,68.0,1,White,Female,65-74,80.0,Loan originated
1,275000.0,30%-<36%,345000.0,257.0,1,Hispanic or Latino,Joint,35-44,80.0,Loan originated
1,1005000.0,20%-<30%,1685000.0,464.0,1,Asian,Male,35-44,59.524,Loan originated
1,685000.0,47,725000.0,164.0,1,Hispanic or Latino,Male,25-34,94.966,Loan originated
1,645000.0,46,675000.0,215.0,1,White,Joint,35-44,94.963,Loan originated
1,705000.0,39,885000.0,172.0,1,White,Male,45-54,80.0,Loan originated
1,615000.0,48,905000.0,148.0,1,Asian,Female,35-44,67.403,Loan originated
1,745000.0,38,1155000.0,490.0,1,White,Male,25-34,89.605,Loan originated
1,645000.0,48,815000.0,149.0,1,Hispanic or Latino,Female,25-34,80.0,Loan originated
1,505000.0,42,635000.0,138.0,1,Hispanic or Latino,Male,25-34,80.0,Loan originated
1,835000.0,40,935000.0,196.0,1,Asian,Male,35-44,89.5,Loan originated
1,905000.0,20%-<30%,1605000.0,382.0,1,White,Joint,25-34,56.25,Loan originated
1,485000.0,36,575000.0,128.0,1,Hispanic or Latino,Joint,45-54,85.0,Loan originated
1,385000.0,46,505000.0,80.0,1,Asian,Joint,55-64,97.6,Loan originated
1,465000.0,49,585000.0,136.0,1,White,Joint,35-44,80.0,Loan originated
1,675000.0,40,845000.0,323.0,1,Asian,Joint,65-74,80.0,Loan originated
1,505000.0,48,565000.0,211.0,1,White,Joint,25-34,90.0,Loan originated
1,625000.0,43,775000.0,153.0,1,Asian,Joint,35-44,80.0,Loan originated
1,545000.0,20%-<30%,605000.0,223.0,1,White,Joint,45-54,90.0,Loan originated
1,305000.0,43,485000.0,115.0,1,Hispanic or Latino,Male,45-54,62.241,Loan originated
1,505000.0,20%-<30%,535000.0,313.0,1,Hispanic or Latino,Male,65-74,95.0,Loan originated
1,875000.0,49,1025000.0,202.0,1,White,Joint,55-64,85.0,Loan originated
1,855000.0,30%-<36%,1655000.0,307.0,1,White,Female,55-64,51.515,Loan originated
1,365000.0,47,465000.0,78.0,1,Asian,Male,25-34,100.0,Loan originated
1,505000.0,44,595000.0,250.0,1,White,Male,35-44,85.34,Loan originated
1,345000.0,41,545000.0,96.0,1,White,Male,25-34,63.3,Loan originated
1,385000.0,42,555000.0,91.0,1,White,Female,65-74,69.344,Loan originated
1,245000.0,48,495000.0,170.0,1,White,Male,55-64,50.0,Loan originated
1,905000.0,38,1135000.0,255.0,1,Asian,Joint,35-44,80.0,Loan originated
1,825000.0,20%-<30%,905000.0,379.0,1,White,Joint,25-34,91.6,Loan originated
1,625000.0,47,785000.0,188.0,1,Hispanic or Latino,Male,35-44,80.0,Loan originated
1,295000.0,49,315000.0,103.0,1,Black or African American,Joint,55-64,95.0,Loan originated
1,285000.0,48,515000.0,69.0,1,White,Female,35-44,55.34,Loan originated
1,435000.0,50%-60%,615000.0,91.0,1,Hispanic or Latino,Female,35-44,70.0,Loan originated
1,335000.0,42,345000.0,85.0,1,White,Male,45-54,97.0,Loan originated
1,165000.0,49,175000.0,50.0,1,White,Female,35-44,100.0,Loan originated
1,265000.0,<20%,415000.0,142.0,1,Hispanic or Latino,Male,55-64,63.415,Loan originated
1,1035000.0,36,1485000.0,274.0,1,Asian,Joint,25-34,70.0,Loan originated
1,745000.0,45,925000.0,213.0,1,Asian,Male,45-54,80.0,Loan originated
1,695000.0,39,875000.0,229.0,1,Asian,Female,45-54,79.992,Loan originated
1,525000.0,47,745000.0,186.0,1,Asian,Joint,65-74,70.0,Loan originated
1,1005000.0,30%-<36%,1425000.0,335.0,1,Asian,Joint,25-34,70.028,Application denied
1,695000.0,41,735000.0,186.0,1,Hispanic or Latino,Female,35-44,95.0,Loan originated
1,975000.0,20%-<30%,1425000.0,371.0,1,White,Male,25-34,68.07,Loan originated
1,265000.0,42,325000.0,113.0,1,Hispanic or Latino,Male,25-34,80.0,Loan originated
1,755000.0,41,1855000.0,417.0,1,Hispanic or Latino,Joint,45-54,40.541,Loan originated
1,455000.0,40,565000.0,226.0,1,White,Male,35-44,80.0,Loan originated
1,1145000.0,47,1435000.0,321.0,1,Asian,Male,35-44,80.0,Loan originated
1,915000.0,30%-<36%,1785000.0,315.0,1,Asian,Joint,35-44,50.98,Loan originated
1,125000.0,39,335000.0,49.0,1,White,Male,35-44,37.313,Loan originated
1,395000.0,30%-<36%,495000.0,134.0,1,White,Joint,35-44,80.0,Loan originated
1,645000.0,37,665000.0,228.0,1,White,Joint,55-64,97.0,Loan originated
1,555000.0,42,585000.0,123.0,1,White,Female,35-44,95.0,Loan originated
1,275000.0,36,405000.0,92.0,1,Asian,Female,25-34,75.0,Loan originated
1,735000.0,30%-<36%,915000.0,300.0,1,Asian,Female,35-44,80.0,Application denied
1,535000.0,20%-<30%,805000.0,243.0,1,White,Joint,55-64,65.944,Loan originated
1,1015000.0,49,1265000.0,211.0,1,Asian,Female,25-34,80.0,Loan originated
1,605000.0,48,755000.0,201.0,1,Black or African American,Male,55-64,80.0,Loan originated
1,205000.0,20%-<30%,435000.0,172.0,1,Asian,Female,25-34,46.512,Loan originated
1,525000.0,49,555000.0,95.0,1,Hispanic or Latino,Male,25-34,94.855,Loan originated
1,1145000.0,43,1265000.0,315.0,1,White,Female,45-54,91.22,Loan originated
1,615000.0,49,895000.0,170.0,1,Hispanic or Latino,Male,55-64,67.93,Loan originated
1,1085000.0,47,1355000.0,260.0,1,White,Joint,25-34,80.0,Loan originated
1,715000.0,41,795000.0,234.0,1,Asian,Female,55-64,90.0,Loan originated
1,715000.0,49,755000.0,224.0,1,White,Joint,>74,95.0,Loan originated
1,525000.0,36,565000.0,126.0,1,White,Male,45-54,92.92,Loan originated
1,275000.0,37,505000.0,204.0,1,White,Joint,>74,55.0,Loan originated
1,355000.0,49,485000.0,101.0,1,White,Male,35-44,72.917,Loan originated
1,685000.0,40,1215000.0,170.0,1,White,Male,25-34,56.61,Loan originated
1,735000.0,43,915000.0,155.0,1,White,Male,45-54,80.0,Loan originated
1,445000.0,44,645000.0,101.0,1,Hispanic or Latino,Male,35-44,69.102,Loan originated
1,795000.0,48,1325000.0,167.0,1,White,Joint,45-54,60.0,Loan originated
1,795000.0,46,885000.0,188.0,1,White,Female,55-64,90.0,Loan originated
1,995000.0,44,2195000.0,342.0,1,White,Joint,65-74,45.33,Loan originated
1,345000.0,20%-<30%,455000.0,157.0,1,White,Joint,35-44,75.0,Loan originated
1,535000.0,45,595000.0,125.0,1,White,Female,25-34,90.0,Loan originated
1,395000.0,20%-<30%,1395000.0,379.0,1,White,Male,45-54,28.058,Loan originated
1,765000.0,38,905000.0,210.0,1,Asian,Male,55-64,85.0,Loan originated
1,425000.0,39,455000.0,123.0,1,Hispanic or Latino,Joint,45-54,94.0,Loan originated
1,1125000.0,47,1665000.0,292.0,1,Asian,Male,35-44,67.47,Loan originated
1,655000.0,30%-<36%,815000.0,360.0,1,White,Male,45-54,80.0,Loan originated
1,175000.0,20%-<30%,225000.0,244.0,1,Hispanic or Latino,Male,<25,80.0,Loan originated
1,645000.0,49,815000.0,150.0,1,Hispanic or Latino,Male,45-54,80.0,Loan originated
1,1095000.0,39,1365000.0,364.0,1,White,Joint,25-34,80.0,Loan originated
1,95000.0,42,105000.0,78.0,1,Asian,Male,45-54,95.0,Loan originated
1,395000.0,46,535000.0,79.0,1,Asian,Joint,45-54,74.0,Loan originated
1,575000.0,20%-<30%,725000.0,224.0,1,Asian,Joint,25-34,80.0,Loan originated
1,285000.0,49,445000.0,165.0,1,White,Female,55-64,63.0,Loan originated
1,625000.0,49,735000.0,150.0,1,White,Joint,45-54,85.0,Loan originated
1,135000.0,<20%,175000.0,84.0,1,Hispanic or Latino,Female,25-34,80.0,Loan originated
1,155000.0,30%-<36%,265000.0,83.0,1,Hispanic or Latino,Female,25-34,97.0,Loan originated
1,275000.0,36,475000.0,173.0,1,Asian,Joint,25-34,58.246,Loan originated
1,555000.0,40,1325000.0,319.0,1,White,Male,55-64,41.887,Loan originated
1,515000.0,39,555000.0,163.0,1,White,Joint,25-34,93.658,Loan originated
1,175000.0,46,595000.0,81.0,1,White,Joint,65-74,29.22,Loan originated
1,465000.0,47,585000.0,105.0,1,Asian,Male,25-34,80.0,Loan originated
1,955000.0,39,1125000.0,272.0,1,Asian,Male,25-34,85.0,Loan originated
1,515000.0,41,605000.0,150.0,1,Hispanic or Latino,Female,45-54,85.0,Loan originated
1,845000.0,46,1055000.0,183.0,1,Asian,Joint,25-34,80.0,Loan originated
1,465000.0,47,465000.0,150.0,1,White,Female,45-54,97.0,Application denied
1,555000.0,47,575000.0,115.0,1,White,Male,25-34,95.0,Loan originated
1,375000.0,46,475000.0,115.0,1,Hispanic or Latino,Female,45-54,80.0,Loan originated
1,295000.0,49,325000.0,80.0,1,White,Female,55-64,90.0,Loan originated
1,745000.0,30%-<36%,1025000.0,362.0,1,Asian,Joint,45-54,72.904,Loan originated
1,865000.0,30%-<36%,1265000.0,372.0,1,Asian,Joint,35-44,68.37,Loan originated
1,735000.0,42,865000.0,176.0,1,Other,Male,25-34,85.0,Loan originated
1,1005000.0,>60%,1505000.0,156.0,1,White,Joint,35-44,66.67,Application denied
1,445000.0,20%-<30%,675000.0,186.0,1,White,Joint,35-44,66.418,Loan originated
1,625000.0,41,755000.0,175.0,1,White,Female,35-44,83.35,Loan originated
1,655000.0,>60%,685000.0,77.0,1,Asian,Joint,55-64,95.0,Application denied
1,515000.0,36,545000.0,145.0,1,White,Female,25-34,95.0,Loan originated
1,1005000.0,49,1535000.0,249.0,1,White,Male,<25,65.097,Loan originated
1,855000.0,43,1005000.0,222.0,1,Asian,Joint,25-34,85.0,Loan originated
1,335000.0,<20%,755000.0,380.0,1,White,Male,55-64,45.0,Loan originated
1,655000.0,43,735000.0,162.0,1,Asian,Male,25-34,90.0,Loan originated
1,515000.0,43,645000.0,148.0,1,Asian,Male,25-34,80.0,Loan originated
1,635000.0,20%-<30%,955000.0,228.0,1,Asian,Joint,25-34,67.0,Loan originated
1,565000.0,20%-<30%,705000.0,208.0,1,White,Joint,45-54,80.0,Loan originated
1,505000.0,44,635000.0,133.0,1,Asian,Joint,25-34,80.0,Loan originated
1,625000.0,20%-<30%,665000.0,350.0,1,Hispanic or Latino,Female,35-44,95.0,Loan originated
1,415000.0,36,465000.0,175.0,1,Hispanic or Latino,Female,25-34,90.0,Loan originated
1,565000.0,30%-<36%,765000.0,165.0,1,Asian,Male,35-44,73.684,Loan originated
1,485000.0,45,565000.0,110.0,1,White,Female,25-34,85.0,Loan originated
1,315000.0,46,445000.0,84.0,1,Asian,Female,45-54,70.0,Loan originated
1,525000.0,39,1705000.0,200.0,1,White,Female,45-54,30.588,Loan originated
1,715000.0,45,805000.0,173.0,1,Hispanic or Latino,Male,35-44,88.75,Loan originated
1,505000.0,40,525000.0,154.0,1,Asian,Joint,55-64,97.0,Loan originated
1,215000.0,44,455000.0,84.0,1,Asian,Female,25-34,47.778,Loan originated
1,245000.0,36,265000.0,83.0,1,Hispanic or Latino,Female,25-34,95.0,Loan originated
1,515000.0,47,685000.0,144.0,1,Asian,Joint,25-34,95.0,Loan originated
1,485000.0,44,495000.0,100.0,1,Hispanic or Latino,Joint,25-34,97.0,Loan originated
1,665000.0,38,1035000.0,192.0,1,Asian,Female,45-54,63.906,Loan originated
1,585000.0,20%-<30%,645000.0,218.0,1,White,Joint,35-44,95.0,Loan originated
1,535000.0,46,565000.0,158.0,1,Hispanic or Latino,Joint,25-34,95.0,Loan originated
1,285000.0,45,375000.0,94.0,1,White,Male,35-44,75.0,Loan originated
1,475000.0,50%-60%,565000.0,98.0,1,Asian,Male,35-44,89.332,Application denied
1,225000.0,49,375000.0,54.0,1,White,Female,>74,60.16,Loan originated
1,505000.0,47,555000.0,102.0,1,Asian,Male,25-34,89.675,Loan originated
1,605000.0,37,755000.0,212.0,1,White,Joint,25-34,80.0,Loan originated
1,335000.0,48,415000.0,68.0,1,Hispanic or Latino,Male,25-34,80.0,Loan originated
1,575000.0,47,995000.0,125.0,1,White,Female,65-74,57.558,Loan originated
1,335000.0,40,425000.0,94.0,1,White,Female,65-74,100.0,Loan originated
1,675000.0,47,1585000.0,165.0,1,White,Female,45-54,43.0,Loan originated
1,585000.0,20%-<30%,655000.0,256.0,1,White,Male,25-34,89.9,Loan originated
1,645000.0,49,925000.0,150.0,1,White,Male,55-64,70.0,Loan originated
1,725000.0,48,1225000.0,219.0,1,White,Joint,45-54,60.0,Loan originated
1,755000.0,41,845000.0,258.0,1,Hispanic or Latino,Female,35-44,90.0,Loan originated
1,545000.0,49,965000.0,130.0,1,White,Male,45-54,56.193,Loan originated
1,945000.0,30%-<36%,1115000.0,723.0,1,White,Joint,25-34,85.0,Loan originated
1,455000.0,49,485000.0,123.0,1,Hispanic or Latino,Female,25-34,95.0,Loan originated
1,915000.0,37,1145000.0,256.0,1,Asian,Joint,25-34,79.98,Loan originated
1,315000.0,30%-<36%,325000.0,97.0,1,Asian,Female,<25,94.22,Loan originated
1,305000.0,30%-<36%,1315000.0,112.0,1,White,Joint,65-74,22.901,Loan originated
1,645000.0,20%-<30%,895000.0,253.0,1,Asian,Joint,35-44,72.064,Loan originated
1,1005000.0,20%-<30%,1265000.0,308.0,1,Asian,Male,35-44,80.0,Loan originated
1,405000.0,49,515000.0,87.0,1,Hispanic or Latino,Male,65-74,80.0,Loan originated
1,405000.0,41,1605000.0,136.0,1,Asian,Female,25-34,24.94,Loan originated
1,285000.0,42,355000.0,70.0,1,Hispanic or Latino,Male,55-64,80.0,Loan originated
1,735000.0,50%-60%,765000.0,187.0,1,Asian,Male,25-34,95.0,Application denied
1,725000.0,37,765000.0,218.0,1,Asian,Male,35-44,94.89,Loan originated
1,655000.0,20%-<30%,825000.0,265.0,1,White,Joint,35-44,78.79,Loan originated
1,1045000.0,36,1305000.0,269.0,1,Asian,Joint,25-34,80.0,Loan originated
1,555000.0,37,675000.0,152.0,1,White,Female,45-54,81.778,Application denied
1,925000.0,42,975000.0,265.0,1,White,Male,55-64,95.0,Loan originated
1,735000.0,49,915000.0,267.0,1,White,Male,25-34,80.0,Loan originated
1,1065000.0,49,1355000.0,189.0,1,White,Female,45-54,78.519,Loan originated
1,445000.0,40,555000.0,98.0,1,Hispanic or Latino,Female,25-34,80.0,Loan originated
1,525000.0,45,695000.0,114.0,1,Asian,Male,35-44,74.96,Loan originated
1,615000.0,42,645000.0,142.0,1,White,Female,45-54,95.0,Loan originated
1,625000.0,20%-<30%,835000.0,280.0,1,Asian,Joint,25-34,75.0,Loan originated
1,385000.0,48,425000.0,124.0,1,White,Joint,45-54,90.0,Loan originated
1,765000.0,36,1065000.0,300.0,1,White,Joint,25-34,72.14,Loan originated
1,375000.0,41,565000.0,91.0,1,White,Female,65-74,66.07,Loan originated
1,855000.0,46,945000.0,215.0,1,Asian,Male,25-34,90.0,Loan originated
1,1145000.0,39,1345000.0,324.0,1,Asian,Joint,25-34,84.99,Loan originated
1,325000.0,38,415000.0,93.0,1,White,Female,45-54,77.95,Loan originated
1,585000.0,46,735000.0,119.0,1,White,Male,55-64,80.0,Loan originated
1,615000.0,30%-<36%,775000.0,356.0,1,Asian,Joint,25-34,79.99,Loan originated
1,665000.0,20%-<30%,825000.0,355.0,1,White,Joint,25-34,80.0,Loan originated
1,485000.0,48,575000.0,137.0,1,Other,Female,35-44,85.0,Loan originated
1,895000.0,30%-<36%,925000.0,314.0,1,White,Joint,25-34,97.0,Loan originated
1,685000.0,49,715000.0,178.0,1,Hispanic or Latino,Joint,25-34,95.0,Loan originated
1,1055000.0,37,1955000.0,491.0,1,Asian,Joint,25-34,53.846,Loan originated
1,575000.0,43,715000.0,175.0,1,White,Joint,65-74,80.0,Loan originated
1,555000.0,20%-<30%,585000.0,238.0,1,Asian,Joint,25-34,95.0,Loan originated
1,465000.0,38,525000.0,138.0,1,Hispanic or Latino,Male,55-64,90.0,Loan originated
1,325000.0,50%-60%,365000.0,79.0,1,Hispanic or Latino,Female,25-34,90.0,Application denied
1,1075000.0,44,1345000.0,260.0,1,White,Male,45-54,80.0,Loan originated
1,1005000.0,41,1255000.0,283.0,1,White,Male,55-64,80.0,Loan originated
1,255000.0,47,305000.0,74.0,1,Hispanic or Latino,Male,35-44,85.0,Loan originated
1,745000.0,49,935000.0,141.0,1,White,Female,35-44,79.893,Loan originated
1,435000.0,38,945000.0,119.0,1,Asian,Male,25-34,45.82,Loan originated
1,545000.0,20%-<30%,825000.0,322.0,1,Hispanic or Latino,Male,45-54,66.056,Loan originated
1,725000.0,45,965000.0,175.0,1,White,Female,25-34,75.0,Application denied
1,585000.0,30%-<36%,625000.0,188.0,1,White,Joint,35-44,95.0,Loan originated
1,325000.0,36,495000.0,101.0,1,Hispanic or Latino,Male,45-54,65.0,Loan originated
1,575000.0,49,635000.0,109.0,1,Hispanic or Latino,Male,55-64,90.0,Loan originated
1,375000.0,30%-<36%,465000.0,108.0,1,Hispanic or Latino,Male,25-34,100.0,Loan originated
1,415000.0,30%-<36%,465000.0,122.0,1,Asian,Male,25-34,90.0,Loan originated
1,845000.0,<20%,1065000.0,642.0,1,White,Joint,35-44,80.0,Loan originated
1,285000.0,46,305000.0,204.0,1,Hispanic or Latino,Male,25-34,95.0,Loan originated
1,1085000.0,30%-<36%,1355000.0,369.0,1,White,Joint,35-44,80.0,Loan originated
1,535000.0,20%-<30%,615000.0,244.0,1,White,Joint,35-44,86.341,Loan originated
1,745000.0,48,785000.0,134.0,1,White,Female,35-44,95.0,Loan originated
1,195000.0,45,545000.0,58.0,1,Asian,Male,35-44,65.0,Application denied
1,805000.0,48,1615000.0,280.0,1,White,Joint,25-34,50.0,Loan originated
1,525000.0,20%-<30%,655000.0,388.0,1,Black or African American,Male,25-34,80.0,Loan originated
1,685000.0,47,855000.0,149.0,1,White,Joint,<25,80.0,Loan originated
1,1145000.0,20%-<30%,1705000.0,587.0,1,White,Male,55-64,67.64,Loan originated
1,135000.0,30%-<36%,265000.0,48.0,1,Hispanic or Latino,Female,25-34,50.0,Loan originated
1,15000.0,48,375000.0,141.0,1,Hispanic or Latino,Joint,25-34,100.0,Loan originated
1,575000.0,30%-<36%,715000.0,175.0,1,White,Male,25-34,80.0,Loan originated
1,365000.0,20%-<30%,385000.0,184.0,1,Hispanic or Latino,Joint,25-34,95.0,Loan originated
1,275000.0,39,675000.0,113.0,1,Asian,Male,25-34,40.769,Loan originated
1,235000.0,46,245000.0,85.0,1,Hispanic or Latino,Female,25-34,95.0,Loan originated
1,565000.0,48,705000.0,133.0,1,White,Joint,25-34,80.0,Loan originated
1,485000.0,30%-<36%,615000.0,283.0,1,White,Male,55-64,80.0,Loan originated
1,715000.0,48,735000.0,158.0,1,Asian,Female,25-34,96.939,Loan originated
1,635000.0,46,655000.0,141.0,1,Hispanic or Latino,Female,35-44,97.0,Loan originated
1,255000.0,47,425000.0,87.0,1,White,Female,35-44,60.0,Loan originated
1,425000.0,20%-<30%,575000.0,171.0,1,White,Female,25-34,75.0,Loan originated
1,465000.0,37,585000.0,149.0,1,White,Female,35-44,80.0,Loan originated
1,995000.0,30%-<36%,1665000.0,391.0,1,White,Joint,45-54,60.0,Loan originated
1,425000.0,41,495000.0,150.0,1,White,Female,25-34,85.0,Loan originated
1,695000.0,37,865000.0,357.0,1,Hispanic or Latino,Male,35-44,80.0,Loan originated
1,585000.0,49,605000.0,123.0,1,White,Joint,25-34,97.0,Loan originated
1,115000.0,38,125000.0,75.0,1,Hispanic or Latino,Female,35-44,95.0,Application denied
1,455000.0,20%-<30%,515000.0,238.0,1,White,Joint,35-44,90.0,Loan originated
1,465000.0,30%-<36%,575000.0,180.0,1,White,Joint,45-54,80.0,Loan originated
1,245000.0,20%-<30%,335000.0,228.0,1,Asian,Female,35-44,73.0,Loan originated
1,375000.0,20%-<30%,505000.0,245.0,1,White,Female,>74,75.0,Loan originated
1,475000.0,20%-<30%,865000.0,173.0,1,White,Joint,35-44,55.24,Loan originated
1,755000.0,47,945000.0,175.0,1,Asian,Male,45-54,80.0,Loan originated
1,615000.0,30%-<36%,875000.0,185.0,1,Asian,Joint,35-44,70.0,Loan originated
1,175000.0,44,575000.0,120.0,1,White,Joint,55-64,30.718,Loan originated
1,725000.0,39,905000.0,192.0,1,White,Joint,25-34,80.0,Loan originated
1,585000.0,41,655000.0,206.0,1,Hispanic or Latino,Joint,35-44,90.0,Loan originated
1,805000.0,38,2105000.0,223.0,1,White,Joint,35-44,38.184,Loan originated
1,155000.0,20%-<30%,555000.0,73.0,1,Hispanic or Latino,Joint,45-54,27.028,Loan originated
1,465000.0,44,495000.0,130.0,1,Hispanic or Latino,Male,35-44,95.0,Loan originated
1,1025000.0,37,1295000.0,300.0,1,Asian,Male,25-34,79.29,Loan originated
1,765000.0,<20%,1535000.0,676.0,1,White,Male,65-74,50.101,Loan originated
1,375000.0,30%-<36%,485000.0,116.0,1,Hispanic or Latino,Male,35-44,78.125,Application denied
1,685000.0,36,865000.0,258.0,1,White,Joint,45-54,80.0,Loan originated
1,425000.0,49,625000.0,95.0,1,Hispanic or Latino,Joint,35-44,68.0,Loan originated
1,645000.0,30%-<36%,755000.0,219.0,1,White,Joint,35-44,85.0,Loan originated
1,565000.0,43,585000.0,150.0,1,Black or African American,Female,25-34,96.99,Loan originated
1,755000.0,30%-<36%,1135000.0,319.0,1,White,Joint,45-54,66.291,Loan originated
1,695000.0,44,735000.0,303.0,1,White,Joint,25-34,95.0,Loan originated
1,765000.0,30%-<36%,955000.0,263.0,1,Asian,Joint,25-34,80.314,Loan originated
1,405000.0,45,455000.0,105.0,1,White,Male,25-34,90.0,Loan originated
1,465000.0,45,555000.0,157.0,1,White,Joint,25-34,84.545,Loan originated
1,75000.0,46,175000.0,53.0,1,Hispanic or Latino,Male,55-64,42.857,Loan originated
1,585000.0,49,835000.0,177.0,1,White,Male,35-44,69.87,Loan originated
1,215000.0,49,285000.0,61.0,1,White,Female,25-34,95.0,Loan originated
1,765000.0,46,975000.0,176.0,1,Asian,Male,55-64,78.621,Loan originated
1,805000.0,20%-<30%,1005000.0,357.0,1,Hispanic or Latino,Male,25-34,80.0,Loan originated
1,1005000.0,30%-<36%,1175000.0,374.0,1,White,Male,25-34,85.831,Loan originated
1,295000.0,30%-<36%,315000.0,226.0,1,Asian,Female,35-44,95.0,Loan originated
1,225000.0,43,235000.0,112.0,1,Hispanic or Latino,Joint,35-44,95.0,Application denied
1,615000.0,30%-<36%,1235000.0,319.0,1,Asian,Female,45-54,50.0,Loan originated
1,935000.0,42,1045000.0,213.0,1,Asian,Male,45-54,90.0,Loan originated
1,315000.0,46,335000.0,99.0,1,White,Male,35-44,95.0,Loan originated
1,965000.0,42,1605000.0,237.0,1,Asian,Joint,25-34,60.0,Loan originated
1,205000.0,20%-<30%,505000.0,190.0,1,White,Male,65-74,41.406,Loan originated
1,255000.0,46,505000.0,71.0,1,Asian,Male,55-64,50.0,Loan originated
1,885000.0,50%-60%,925000.0,200.0,1,Asian,Male,35-44,95.0,Application denied
1,735000.0,48,775000.0,203.0,1,Black or African American,Female,55-64,95.0,Loan originated
1,675000.0,37,755000.0,229.0,1,White,Joint,35-44,90.0,Loan originated
1,725000.0,49,915000.0,146.0,1,Hispanic or Latino,Female,45-54,80.0,Loan originated
1,155000.0,37,175000.0,102.0,1,Hispanic or Latino,Joint,25-34,91.61,Loan originated
1,485000.0,40,545000.0,146.0,1,Hispanic or Latino,Joint,25-34,90.0,Loan originated
1,355000.0,30%-<36%,745000.0,145.0,1,Asian,Female,45-54,47.114,Loan originated
1,705000.0,48,765000.0,145.0,1,Asian,Male,25-34,92.17,Loan originated
1,755000.0,40,835000.0,213.0,1,Asian,Male,35-44,89.99,Loan originated
1,245000.0,30%-<36%,545000.0,86.0,1,White,Female,35-44,44.954,Loan originated
1,605000.0,20%-<30%,855000.0,213.0,1,White,Joint,35-44,70.588,Loan originated
1,425000.0,41,955000.0,116.0,1,Asian,Joint,45-54,45.0,Loan originated
1,225000.0,47,425000.0,81.0,1,Asian,Female,25-34,52.942,Loan originated
1,345000.0,49,425000.0,125.0,1,White,Joint,65-74,80.0,Loan originated
1,855000.0,30%-<36%,1075000.0,345.0,1,Asian,Joint,35-44,80.0,Loan originated
1,475000.0,20%-<30%,595000.0,150.0,1,White,Female,25-34,79.999,Loan originated
1,345000.0,45,355000.0,76.0,1,Other,Female,25-34,100.0,Loan originated
1,865000.0,30%-<36%,1075000.0,288.0,1,White,Male,35-44,80.0,Loan originated
1,855000.0,46,1585000.0,204.0,1,White,Joint,55-64,54.17,Loan originated
1,1155000.0,41,2155000.0,365.0,1,White,Male,>74,53.489,Loan originated
1,655000.0,37,935000.0,189.0,1,Asian,Joint,25-34,70.0,Loan originated
1,485000.0,37,805000.0,161.0,1,Asian,Joint,35-44,60.0,Loan originated
1,655000.0,20%-<30%,685000.0,255.0,1,Asian,Joint,35-44,95.0,Loan originated
1,585000.0,48,735000.0,203.0,1,Asian,Male,35-44,79.592,Loan originated
1,455000.0,44,485000.0,98.0,1,Hispanic or Latino,Female,25-34,94.021,Loan originated
1,575000.0,48,675000.0,126.0,1,Hispanic or Latino,Joint,45-54,85.0,Loan originated
1,465000.0,39,1475000.0,165.0,1,White,Joint,35-44,31.64,Loan originated
1,615000.0,39,765000.0,233.0,1,White,Joint,65-74,80.0,Loan originated
1,485000.0,42,505000.0,152.0,1,Hispanic or Latino,Male,55-64,95.0,Loan originated
1,755000.0,50%-60%,835000.0,160.0,1,Hispanic or Latino,Male,25-34,90.0,Loan originated
1,685000.0,46,855000.0,163.0,1,White,Female,45-54,80.0,Loan originated
1,1085000.0,41,1355000.0,307.0,1,White,Female,55-64,80.0,Loan originated
1,265000.0,>60%,375000.0,95.0,1,Asian,Female,35-44,71.21,Application denied
1,505000.0,30%-<36%,625000.0,400.0,1,Asian,Female,45-54,80.0,Loan originated
1,345000.0,20%-<30%,1025000.0,280.0,1,White,Joint,45-54,33.074,Loan originated
1,515000.0,36,545000.0,144.0,1,Hispanic or Latino,Female,45-54,95.0,Application denied
1,725000.0,47,985000.0,144.0,1,Asian,Male,25-34,75.789,Loan originated
1,515000.0,38,635000.0,150.0,1,White,Joint,25-34,80.804,Loan originated
1,635000.0,43,805000.0,323.0,1,Hispanic or Latino,Joint,45-54,80.0,Loan originated
1,1085000.0,36,1355000.0,365.0,1,Asian,Joint,25-34,80.0,Loan originated
1,455000.0,30%-<36%,505000.0,141.0,1,Hispanic or Latino,Joint,35-44,90.0,Loan originated
1,675000.0,20%-<30%,1125000.0,300.0,1,White,Joint,35-44,60.0,Loan originated
1,395000.0,48,595000.0,99.0,1,White,Joint,>74,66.661,Loan originated
1,235000.0,43,255000.0,59.0,1,Hispanic or Latino,Male,45-54,98.819,Application denied
1,605000.0,45,635000.0,164.0,1,Asian,Joint,25-34,95.0,Loan originated
1,665000.0,46,825000.0,141.0,1,Asian,Male,35-44,80.0,Loan originated
1,425000.0,20%-<30%,465000.0,199.0,1,Asian,Joint,55-64,89.99,Loan originated
1,765000.0,20%-<30%,955000.0,496.0,1,Hispanic or Latino,Male,45-54,80.0,Loan originated
1,245000.0,49,305000.0,64.0,1,Hispanic or Latino,Male,35-44,80.0,Loan originated
1,755000.0,47,945000.0,150.0,1,White,Male,25-34,80.0,Loan originated
1,255000.0,49,315000.0,75.0,1,White,Female,25-34,95.0,Application denied
1,665000.0,42,805000.0,216.0,1,White,Joint,35-44,85.0,Loan originated
1,615000.0,42,1445000.0,229.0,1,White,Male,55-64,42.335,Loan originated
1,365000.0,30%-<36%,425000.0,133.0,1,White,Female,45-54,87.0,Loan originated
1,745000.0,30%-<36%,835000.0,266.0,1,Asian,Joint,35-44,90.0,Loan originated
1,635000.0,30%-<36%,595000.0,208.0,1,White,Male,55-64,107.0,Application denied
1,425000.0,41,875000.0,151.0,1,White,Joint,25-34,48.571,Loan originated
1,335000.0,>60%,605000.0,19.0,1,Asian,Male,35-44,55.678,Application denied
1,1135000.0,42,1355000.0,244.0,1,White,Joint,25-34,84.037,Loan originated
1,525000.0,42,945000.0,144.0,1,Hispanic or Latino,Joint,35-44,55.449,Loan originated
1,585000.0,37,725000.0,203.0,1,White,Male,35-44,88.0,Loan originated
1,1145000.0,40,1555000.0,393.0,1,White,Joint,45-54,75.0,Loan originated
1,845000.0,41,1055000.0,218.0,1,Asian,Joint,35-44,80.0,Loan originated
1,415000.0,49,435000.0,95.0,1,Black or African American,Female,45-54,100.0,Loan originated
1,695000.0,40,925000.0,163.0,1,White,Female,35-44,75.0,Loan originated
1,335000.0,49,415000.0,96.0,1,White,Joint,25-34,80.0,Loan originated
1,335000.0,30%-<36%,475000.0,109.0,1,White,Female,45-54,70.213,Loan originated
1,645000.0,40,865000.0,156.0,1,Asian,Male,25-34,75.0,Loan originated
1,555000.0,42,935000.0,164.0,1,White,Female,25-34,64.45,Loan originated
1,1045000.0,46,1305000.0,219.0,1,Asian,Joint,25-34,80.0,Loan originated
1,1145000.0,<20%,1635000.0,700.0,1,White,Joint,25-34,70.0,Loan originated
1,725000.0,49,905000.0,227.0,1,White,Female,45-54,80.0,Loan originated
1,415000.0,30%-<36%,455000.0,120.0,1,White,Male,25-34,90.0,Loan originated
1,525000.0,41,665000.0,137.0,1,Asian,Male,25-34,80.0,Loan originated
1,635000.0,49,755000.0,129.0,1,Hispanic or Latino,Male,45-54,87.194,Loan originated
1,1145000.0,40,1285000.0,386.0,1,White,Joint,35-44,89.83,Loan originated
1,765000.0,49,1135000.0,183.0,1,White,Joint,35-44,68.0,Loan originated
1,905000.0,48,1675000.0,205.0,1,White,Joint,35-44,53.73,Loan originated
1,425000.0,44,485000.0,144.0,1,Hispanic or Latino,Joint,55-64,88.0,Loan originated
1,635000.0,42,665000.0,161.0,1,Hispanic or Latino,Male,25-34,95.0,Loan originated
1,375000.0,38,435000.0,258.0,1,White,Male,>74,87.0,Loan originated
1,875000.0,47,1295000.0,286.0,1,White,Joint,35-44,69.0,Loan originated
1,445000.0,44,455000.0,108.0,1,Hispanic or Latino,Female,45-54,101.366,Loan originated
1,765000.0,47,1105000.0,240.0,1,White,Joint,55-64,69.636,Loan originated
1,305000.0,49,325000.0,83.0,1,Hispanic or Latino,Male,45-54,95.0,Loan originated
1,355000.0,49,475000.0,102.0,1,White,Female,65-74,75.0,Loan originated
1,505000.0,20%-<30%,625000.0,224.0,1,Asian,Male,45-54,80.0,Loan originated
1,425000.0,37,535000.0,182.0,1,White,Male,35-44,80.0,Loan originated
1,715000.0,43,885000.0,155.0,1,Asian,Female,25-34,80.682,Loan originated
1,565000.0,20%-<30%,705000.0,200.0,1,White,Male,45-54,80.0,Loan originated
1,215000.0,45,255000.0,66.0,1,Hispanic or Latino,Female,35-44,84.314,Loan originated
1,765000.0,47,855000.0,183.0,1,White,Male,35-44,90.0,Loan originated
1,245000.0,49,255000.0,61.0,1,Hispanic or Latino,Female,35-44,95.0,Loan originated
1,545000.0,40,905000.0,210.0,1,Hispanic or Latino,Joint,55-64,59.545,Loan originated
1,745000.0,30%-<36%,935000.0,221.0,1,Asian,Male,35-44,80.0,Loan originated
1,755000.0,44,825000.0,185.0,1,Hispanic or Latino,Joint,35-44,90.8,Application denied
1,675000.0,40,905000.0,244.0,1,Hispanic or Latino,Joint,45-54,75.0,Loan originated
1,405000.0,30%-<36%,425000.0,210.0,1,Hispanic or Latino,Joint,55-64,95.0,Loan originated
1,405000.0,44,955000.0,97.0,1,Asian,Female,35-44,41.88,Loan originated
1,525000.0,49,675000.0,101.0,1,Hispanic or Latino,Female,35-44,77.04,Loan originated
1,705000.0,30%-<36%,745000.0,245.0,1,White,Joint,35-44,95.0,Loan originated
1,635000.0,49,795000.0,118.0,1,Asian,Male,55-64,80.0,Loan originated
1,345000.0,44,845000.0,182.0,1,White,Male,35-44,40.476,Loan originated
1,465000.0,48,785000.0,110.0,1,Asian,Female,45-54,59.01,Loan originated
1,395000.0,20%-<30%,505000.0,269.0,1,White,Female,35-44,79.99,Loan originated
1,405000.0,30%-<36%,775000.0,155.0,1,White,Female,55-64,52.987,Loan originated
1,215000.0,48,255000.0,42.0,1,White,Female,35-44,85.0,Loan originated
1,665000.0,44,1145000.0,160.0,1,White,Joint,35-44,75.65,Loan originated
1,725000.0,38,925000.0,238.0,1,White,Male,25-34,80.0,Loan originated
1,805000.0,48,1005000.0,208.0,1,Asian,Joint,45-54,80.0,Loan originated
1,1045000.0,50%-60%,965000.0,247.0,1,White,Joint,25-34,108.854,Application denied
1,365000.0,42,455000.0,195.0,1,Hispanic or Latino,Joint,45-54,80.0,Loan originated
1,575000.0,41,725000.0,155.0,1,White,Male,35-44,80.0,Loan originated
1,835000.0,30%-<36%,885000.0,364.0,1,Asian,Joint,25-34,95.0,Loan originated
1,625000.0,41,665000.0,172.0,1,Asian,Joint,25-34,95.0,Loan originated
1,595000.0,48,865000.0,142.0,1,White,Female,65-74,68.161,Loan originated
1,665000.0,40,745000.0,145.0,1,Hispanic or Latino,Joint,25-34,89.86,Loan originated
1,525000.0,41,545000.0,193.0,1,White,Male,45-54,97.0,Loan originated
1,195000.0,36,395000.0,117.0,1,Hispanic or Latino,Male,65-74,49.37,Loan originated
1,585000.0,37,725000.0,191.0,1,Asian,Male,25-34,100.0,Loan originated
1,1145000.0,30%-<36%,2055000.0,380.0,1,Asian,Male,45-54,73.12,Loan originated
1,305000.0,20%-<30%,335000.0,130.0,1,Asian,Male,45-54,90.0,Loan originated
1,685000.0,47,985000.0,140.0,1,White,Female,45-54,71.0,Loan originated
1,605000.0,45,765000.0,244.0,1,Asian,Male,45-54,80.0,Loan originated
1,655000.0,49,1155000.0,140.0,1,Asian,Male,<25,57.0,Loan originated
1,285000.0,30%-<36%,295000.0,83.0,1,White,Female,55-64,97.0,Loan originated
1,665000.0,42,885000.0,159.0,1,Asian,Male,<25,75.0,Loan originated
1,375000.0,48,775000.0,84.0,1,White,Female,35-44,48.119,Loan originated
1,955000.0,42,1195000.0,225.0,1,Asian,Joint,45-54,80.0,Loan originated
1,695000.0,43,945000.0,279.0,1,White,Joint,25-34,73.545,Loan originated
1,235000.0,30%-<36%,295000.0,115.0,1,Hispanic or Latino,Male,25-34,80.0,Loan originated
1,915000.0,38,1315000.0,235.0,1,Asian,Joint,25-34,69.82,Loan originated
1,355000.0,>60%,755000.0,59.0,1,Asian,Joint,45-54,46.667,Application denied
1,475000.0,41,595000.0,157.0,1,Asian,Male,25-34,80.0,Loan originated
1,405000.0,20%-<30%,655000.0,185.0,1,White,Joint,35-44,62.02,Loan originated
1,805000.0,47,1275000.0,171.0,1,Asian,Female,55-64,62.5,Loan originated
1,1065000.0,46,1335000.0,404.0,1,Hispanic or Latino,Joint,25-34,80.0,Loan originated
1,755000.0,49,1005000.0,175.0,1,Asian,Joint,45-54,75.0,Loan originated
1,305000.0,40,1575000.0,131.0,1,Asian,Female,25-34,19.05,Loan originated
1,665000.0,49,1155000.0,145.0,1,Asian,Male,25-34,58.0,Loan originated
1,405000.0,41,455000.0,112.0,1,Black or African American,Female,65-74,89.89,Loan originated
1,445000.0,46,485000.0,114.0,1,Asian,Female,25-34,92.68,Loan originated
1,635000.0,43,845000.0,378.0,1,Asian,Joint,35-44,75.0,Loan originated
1,545000.0,30%-<36%,635000.0,278.0,1,Hispanic or Latino,Male,35-44,85.0,Loan originated
1,585000.0,38,985000.0,161.0,1,Asian,Joint,25-34,59.22,Loan originated
1,1105000.0,42,1725000.0,388.0,1,Asian,Joint,45-54,64.244,Loan originated
1,145000.0,38,425000.0,60.0,1,White,Male,65-74,32.94,Loan originated
1,445000.0,49,555000.0,128.0,1,Asian,Female,<25,80.0,Loan originated
1,505000.0,43,625000.0,154.0,1,White,Joint,25-34,80.01,Loan originated
1,575000.0,40,1135000.0,169.0,1,Hispanic or Latino,Joint,>74,50.536,Loan originated
1,445000.0,47,475000.0,104.0,1,Hispanic or Latino,Male,<25,95.0,Loan originated
1,305000.0,49,325000.0,64.0,1,Hispanic or Latino,Male,35-44,95.0,Loan originated
1,755000.0,48,945000.0,167.0,1,Hispanic or Latino,Female,55-64,80.0,Application denied
1,545000.0,39,575000.0,136.0,1,White,Joint,45-54,95.0,Loan originated
1,765000.0,41,955000.0,215.0,1,Hispanic or Latino,Joint,45-54,80.0,Loan originated
1,645000.0,47,835000.0,214.0,1,White,Joint,45-54,77.0,Loan originated
1,375000.0,41,475000.0,184.0,1,Hispanic or Latino,Male,35-44,80.0,Loan originated
1,605000.0,30%-<36%,755000.0,200.0,1,White,Joint,35-44,80.0,Loan originated
1,705000.0,37,1055000.0,183.0,1,Asian,Female,55-64,67.0,Loan originated
1,385000.0,42,485000.0,94.0,1,Black or African American,Joint,55-64,100.0,Loan originated
1,495000.0,38,515000.0,118.0,1,Black or African American,Male,65-74,97.0,Loan originated
1,535000.0,48,545000.0,145.0,1,Asian,Joint,25-34,97.0,Loan originated
1,625000.0,30%-<36%,775000.0,195.0,1,Asian,Male,25-34,80.0,Loan originated
1,505000.0,46,535000.0,127.0,1,Asian,Joint,55-64,95.0,Loan originated
1,375000.0,39,545000.0,104.0,1,White,Male,25-34,70.0,Loan originated
1,405000.0,43,655000.0,107.0,1,Asian,Female,25-34,61.832,Application denied
1,1085000.0,38,1455000.0,245.0,1,Asian,Joint,25-34,74.23,Loan originated
1,915000.0,50%-60%,1075000.0,175.0,1,White,Joint,25-34,85.0,Application denied
1,305000.0,<20%,415000.0,452.0,1,White,Male,35-44,75.0,Loan originated
1,415000.0,49,525000.0,84.0,1,White,Male,35-44,78.701,Loan originated
1,275000.0,44,625000.0,70.0,1,Other,Female,55-64,44.0,Loan originated
1,1025000.0,48,1285000.0,213.0,1,White,Male,35-44,80.0,Loan originated
1,275000.0,48,285000.0,64.0,1,Hispanic or Latino,Male,35-44,100.0,Application denied
1,935000.0,30%-<36%,1175000.0,390.0,1,White,Male,25-34,80.0,Loan originated
1,105000.0,30%-<36%,455000.0,45.0,1,White,Joint,>74,22.222,Loan originated
1,1005000.0,46,1455000.0,236.0,1,White,Joint,35-44,69.4,Loan originated
1,795000.0,48,835000.0,156.0,1,Hispanic or Latino,Joint,25-34,95.0,Loan originated
1,555000.0,47,635000.0,174.0,1,Asian,Male,35-44,86.692,Loan originated
1,225000.0,47,405000.0,60.0,1,Hispanic or Latino,Male,45-54,56.0,Application denied
1,175000.0,>60%,185000.0,38.0,1,Asian,Male,25-34,95.0,Application denied
1,715000.0,36,755000.0,194.0,1,Other,Male,25-34,95.0,Loan originated
1,765000.0,48,1425000.0,235.0,1,White,Joint,35-44,54.17,Loan originated
1,765000.0,30%-<36%,1055000.0,330.0,1,White,Male,55-64,90.0,Loan originated
1,405000.0,40,905000.0,137.0,1,White,Joint,55-64,44.444,Loan originated
1,745000.0,49,935000.0,142.0,1,White,Male,35-44,80.0,Loan originated
1,535000.0,47,605000.0,102.0,1,Asian,Female,35-44,89.85,Loan originated
1,645000.0,45,825000.0,170.0,1,White,Female,35-44,78.66,Loan originated
1,615000.0,20%-<30%,645000.0,1011.0,1,White,Female,45-54,94.94,Loan originated
1,765000.0,38,805000.0,285.0,1,Hispanic or Latino,Joint,35-44,95.0,Loan originated
1,315000.0,43,395000.0,101.0,1,Hispanic or Latino,Joint,25-34,80.0,Loan originated
1,255000.0,46,915000.0,69.0,1,Hispanic or Latino,Female,35-44,27.322,Loan originated
1,315000.0,47,575000.0,117.0,1,White,Male,55-64,54.043,Loan originated
1,935000.0,43,1175000.0,206.0,1,White,Female,35-44,79.66,Loan originated
1,1015000.0,38,1355000.0,383.0,1,Asian,Joint,55-64,75.0,Loan originated
1,405000.0,48,705000.0,160.0,1,White,Joint,45-54,57.061,Loan originated
1,405000.0,20%-<30%,605000.0,184.0,1,Hispanic or Latino,Joint,35-44,66.667,Loan originated
1,455000.0,42,805000.0,143.0,1,White,Joint,25-34,57.0,Loan originated
1,765000.0,45,965000.0,237.0,1,Asian,Joint,25-34,80.0,Loan originated
1,875000.0,49,1025000.0,178.0,1,White,Female,45-54,100.17,Loan originated
1,355000.0,39,515000.0,84.0,1,Asian,Male,35-44,70.0,Loan originated
1,475000.0,<20%,905000.0,344.0,1,Hispanic or Latino,Joint,35-44,52.5,Loan originated
1,645000.0,46,845000.0,147.0,1,Hispanic or Latino,Joint,55-64,76.332,Loan originated
1,875000.0,20%-<30%,1095000.0,480.0,1,Asian,Joint,35-44,80.0,Loan originated
1,495000.0,30%-<36%,755000.0,208.0,1,White,Joint,35-44,65.0,Loan originated
1,775000.0,20%-<30%,1035000.0,654.0,1,White,Joint,45-54,75.0,Loan originated
1,295000.0,44,375000.0,75.0,1,White,Male,25-34,80.0,Loan originated
1,415000.0,42,545000.0,134.0,1,Hispanic or Latino,Female,35-44,76.058,Loan originated
1,725000.0,45,815000.0,244.0,1,White,Male,35-44,90.0,Loan originated
1,625000.0,44,695000.0,183.0,1,White,Female,45-54,89.99,Loan originated
1,735000.0,36,775000.0,245.0,1,Black or African American,Joint,35-44,95.0,Loan originated
1,205000.0,41,205000.0,87.0,1,White,Male,35-44,104.5,Application denied
1,485000.0,48,505000.0,93.0,1,Hispanic or Latino,Joint,35-44,97.0,Loan originated
1,655000.0,48,815000.0,141.0,1,White,Male,55-64,80.0,Loan originated
1,135000.0,48,305000.0,64.0,1,Hispanic or Latino,Female,55-64,45.0,Loan originated
1,165000.0,49,455000.0,46.0,1,Asian,Male,45-54,35.556,Loan originated
1,595000.0,38,735000.0,164.0,1,Other,Female,55-64,80.0,Loan originated
1,315000.0,20%-<30%,505000.0,149.0,1,White,Female,35-44,61.69,Loan originated
1,845000.0,30%-<36%,1065000.0,317.0,1,White,Joint,25-34,80.0,Loan originated
1,325000.0,40,435000.0,91.0,1,Hispanic or Latino,Female,35-44,95.0,Loan originated
1,585000.0,30%-<36%,985000.0,178.0,1,Asian,Joint,25-34,59.39,Loan originated
1,95000.0,30%-<36%,95000.0,60.0,1,White,Female,55-64,95.0,Loan originated
1,565000.0,44,625000.0,134.0,1,Asian,Joint,25-34,90.0,Loan originated
1,375000.0,>60%,615000.0,44.0,1,Hispanic or Latino,Joint,55-64,60.976,Application denied
1,545000.0,42,795000.0,151.0,1,White,Female,55-64,68.553,Loan originated
1,225000.0,30%-<36%,425000.0,79.0,1,White,Male,25-34,54.0,Loan originated
1,705000.0,46,2205000.0,190.0,1,Asian,Female,25-34,31.818,Loan originated
1,585000.0,48,915000.0,178.0,1,Asian,Male,45-54,64.0,Loan originated
1,865000.0,39,965000.0,227.0,1,Hispanic or Latino,Joint,25-34,90.0,Loan originated
1,265000.0,43,325000.0,78.0,1,Hispanic or Latino,Joint,55-64,80.0,Loan originated
1,615000.0,>60%,1415000.0,37.0,1,White,Female,65-74,43.62,Application denied
1,255000.0,>60%,405000.0,103.0,1,Hispanic or Latino,Male,35-44,62.5,Application denied
1,395000.0,49,495000.0,81.0,1,White,Female,35-44,80.0,Loan originated
1,435000.0,30%-<36%,575000.0,601.0,1,White,Joint,25-34,75.0,Loan originated
1,985000.0,20%-<30%,1525000.0,360.0,1,Asian,Joint,35-44,65.0,Loan originated
1,905000.0,30%-<36%,1325000.0,335.0,1,Asian,Joint,45-54,67.93,Loan originated
1,1095000.0,36,1155000.0,373.0,1,Asian,Joint,45-54,95.0,Loan originated
1,1005000.0,39,1255000.0,444.0,1,White,Joint,25-34,80.5,Loan originated
1,395000.0,20%-<30%,495000.0,152.0,1,White,Male,35-44,80.0,Loan originated
1,415000.0,48,445000.0,120.0,1,Hispanic or Latino,Joint,25-34,93.93,Loan originated
1,325000.0,48,605000.0,136.0,1,Black or African American,Joint,45-54,54.045,Application denied
1,115000.0,43,765000.0,64.0,1,White,Joint,65-74,14.7,Loan originated
1,945000.0,46,1625000.0,204.0,1,White,Female,65-74,58.02,Loan originated
1,755000.0,43,835000.0,151.0,1,Asian,Male,35-44,90.0,Loan originated
1,855000.0,49,955000.0,174.0,1,Asian,Joint,45-54,90.0,Loan originated
1,1115000.0,36,1485000.0,366.0,1,Asian,Female,25-34,75.0,Loan originated
1,955000.0,20%-<30%,1195000.0,376.0,1,Asian,Joint,25-34,80.0,Loan originated
1,595000.0,37,665000.0,208.0,1,White,Male,25-34,90.0,Loan originated
1,445000.0,38,825000.0,127.0,1,Asian,Joint,35-44,55.0,Loan originated
1,585000.0,43,625000.0,144.0,1,White,Joint,35-44,95.0,Loan originated
1,1095000.0,20%-<30%,1375000.0,419.0,1,Hispanic or Latino,Joint,35-44,80.0,Loan originated
1,775000.0,38,1155000.0,320.0,1,Asian,Female,35-44,80.0,Loan originated
1,155000.0,40,1075000.0,97.0,1,White,Joint,65-74,14.0,Loan originated
1,205000.0,20%-<30%,855000.0,104.0,1,Hispanic or Latino,Joint,55-64,24.412,Loan originated
1,655000.0,49,695000.0,141.0,1,Hispanic or Latino,Joint,25-34,94.0,Loan originated
1,525000.0,46,705000.0,162.0,1,White,Male,65-74,75.0,Loan originated
1,735000.0,30%-<36%,915000.0,235.0,1,Asian,Male,35-44,80.0,Loan originated
1,505000.0,49,535000.0,128.0,1,Hispanic or Latino,Joint,25-34,95.0,Loan originated
1,805000.0,38,1005000.0,259.0,1,White,Female,35-44,80.0,Loan originated
1,75000.0,43,145000.0,65.0,1,Hispanic or Latino,Female,35-44,50.0,Loan originated
1,525000.0,50%-60%,535000.0,164.0,1,White,Female,35-44,98.87,Loan originated
1,245000.0,37,1445000.0,101.0,1,Asian,Male,65-74,16.667,Loan originated
1,525000.0,30%-<36%,555000.0,190.0,1,Hispanic or Latino,Joint,25-34,94.595,Loan originated
1,455000.0,39,485000.0,149.0,1,Hispanic or Latino,Joint,25-34,95.0,Application denied
1,1045000.0,44,1165000.0,269.0,1,White,Male,<25,90.0,Loan originated
1,415000.0,40,515000.0,155.0,1,Hispanic or Latino,Female,25-34,80.0,Loan originated
1,515000.0,46,535000.0,109.0,1,White,Joint,35-44,95.0,Loan originated
1,555000.0,30%-<36%,1105000.0,186.0,1,White,Joint,35-44,50.0,Loan originated
1,565000.0,50%-60%,585000.0,116.0,1,Hispanic or Latino,Joint,55-64,97.0,Application denied
1,395000.0,<20%,1785000.0,340.0,1,White,Joint,25-34,22.296,Loan originated
1,295000.0,50%-60%,455000.0,95.0,1,White,Female,25-34,64.878,Application denied
1,605000.0,36,755000.0,178.0,1,White,Joint,25-34,80.0,Loan originated
1,575000.0,36,775000.0,179.0,1,Asian,Male,25-34,75.0,Loan originated
1,145000.0,20%-<30%,165000.0,169.0,1,White,Male,55-64,90.0,Loan originated
1,285000.0,38,365000.0,74.0,1,Hispanic or Latino,Male,<25,80.0,Loan originated
1,1005000.0,42,2005000.0,516.0,1,White,Joint,65-74,50.0,Loan originated
1,245000.0,41,385000.0,84.0,1,Black or African American,Male,25-34,63.99,Application denied
1,825000.0,49,1105000.0,242.0,1,Hispanic or Latino,Joint,35-44,75.0,Loan originated
1,1025000.0,41,1205000.0,416.0,1,White,Joint,35-44,85.0,Loan originated
1,415000.0,20%-<30%,515000.0,170.0,1,White,Joint,25-34,80.0,Loan originated
1,455000.0,43,655000.0,105.0,1,White,Female,25-34,69.47,Loan originated
1,445000.0,20%-<30%,555000.0,157.0,1,Asian,Female,55-64,80.0,Loan originated
1,645000.0,30%-<36%,865000.0,247.0,1,Asian,Joint,35-44,75.0,Loan originated
1,665000.0,49,1165000.0,159.0,1,Asian,Joint,25-34,56.897,Loan originated
1,665000.0,45,735000.0,153.0,1,Asian,Male,35-44,89.99,Loan originated
1,755000.0,20%-<30%,1075000.0,359.0,1,Asian,Joint,55-64,70.0,Loan originated
1,515000.0,43,685000.0,159.0,1,Hispanic or Latino,Male,35-44,75.0,Loan originated
1,195000.0,30%-<36%,245000.0,104.0,1,Asian,Joint,25-34,80.0,Loan originated
1,505000.0,20%-<30%,625000.0,197.0,1,Asian,Joint,25-34,80.0,Loan originated
1,615000.0,45,715000.0,146.0,1,White,Female,55-64,85.493,Loan originated
1,835000.0,37,885000.0,252.0,1,White,Joint,35-44,95.0,Loan originated
1,385000.0,47,425000.0,201.0,1,Hispanic or Latino,Male,25-34,92.0,Loan originated
1,305000.0,30%-<36%,1195000.0,160.0,1,White,Joint,25-34,25.21,Loan originated
1,265000.0,42,645000.0,128.0,1,Asian,Female,65-74,40.941,Loan originated
1,185000.0,46,535000.0,135.0,1,White,Female,55-64,34.21,Loan originated
1,655000.0,46,695000.0,147.0,1,Hispanic or Latino,Joint,35-44,95.0,Loan originated
1,905000.0,20%-<30%,1205000.0,336.0,1,White,Joint,35-44,75.0,Application denied
1,715000.0,30%-<36%,795000.0,238.0,1,White,Male,55-64,90.0,Loan originated
1,75000.0,30%-<36%,95000.0,153.0,1,White,Male,55-64,79.98,Loan originated
1,395000.0,45,415000.0,131.0,1,Hispanic or Latino,Joint,55-64,95.0,Loan originated
1,445000.0,49,565000.0,100.0,1,Hispanic or Latino,Joint,35-44,80.0,Loan originated
1,345000.0,30%-<36%,375000.0,150.0,1,White,Male,35-44,93.0,Loan originated
1,245000.0,49,255000.0,60.0,1,Hispanic or Latino,Male,35-44,95.0,Loan originated
1,495000.0,44,745000.0,180.0,1,White,Joint,45-54,66.443,Loan originated
1,475000.0,44,505000.0,113.0,1,White,Female,55-64,95.0,Loan originated
1,415000.0,40,485000.0,101.0,1,White,Joint,45-54,86.0,Loan originated
1,585000.0,44,735000.0,174.0,1,Hispanic or Latino,Male,55-64,80.0,Application denied
1,575000.0,39,605000.0,192.0,1,White,Male,35-44,95.0,Loan originated
1,725000.0,46,785000.0,188.0,1,White,Joint,25-34,92.308,Loan originated
1,965000.0,49,1355000.0,194.0,1,White,Joint,35-44,71.481,Loan originated
1,405000.0,30%-<36%,1015000.0,155.0,1,White,Joint,65-74,39.51,Loan originated
1,315000.0,46,335000.0,150.0,1,White,Male,35-44,95.0,Loan originated
1,1015000.0,30%-<36%,1555000.0,458.0,1,Asian,Joint,25-34,65.36,Loan originated
1,705000.0,44,875000.0,200.0,1,Hispanic or Latino,Joint,55-64,80.0,Loan originated
1,775000.0,48,1075000.0,167.0,1,White,Female,25-34,71.91,Loan originated
1,405000.0,40,775000.0,159.0,1,Asian,Female,25-34,51.95,Loan originated
1,355000.0,49,365000.0,74.0,1,White,Male,55-64,97.0,Loan originated
1,255000.0,40,885000.0,106.0,1,Asian,Female,55-64,28.409,Loan originated
1,475000.0,30%-<36%,815000.0,236.0,1,White,Joint,35-44,58.1,Loan originated
1,325000.0,>60%,435000.0,15.0,1,Asian,Male,25-34,74.884,Application denied
1,1065000.0,48,1325000.0,332.0,1,Hispanic or Latino,Male,45-54,80.0,Loan originated
1,165000.0,30%-<36%,185000.0,123.0,1,White,Joint,65-74,90.92,Loan originated
1,305000.0,30%-<36%,715000.0,125.0,1,White,Female,45-54,41.958,Loan originated
1,955000.0,45,1275000.0,251.0,1,White,Joint,55-64,75.0,Loan originated
1,175000.0,30%-<36%,625000.0,80.0,1,Asian,Male,25-34,28.003,Loan originated
1,605000.0,30%-<36%,905000.0,230.0,1,White,Female,35-44,66.667,Loan originated
1,375000.0,30%-<36%,595000.0,140.0,1,Asian,Male,25-34,63.0,Loan originated
1,395000.0,47,495000.0,95.0,1,White,Female,35-44,80.0,Loan originated
1,765000.0,30%-<36%,855000.0,215.0,1,Asian,Male,45-54,90.0,Loan originated
1,505000.0,46,925000.0,111.0,1,Hispanic or Latino,Female,45-54,55.0,Loan originated
1,855000.0,30%-<36%,1005000.0,303.0,1,White,Joint,25-34,85.0,Loan originated
1,305000.0,20%-<30%,605000.0,130.0,1,White,Joint,35-44,50.0,Loan originated
1,1125000.0,44,1495000.0,410.0,1,White,Joint,35-44,88.357,Loan originated
1,635000.0,37,855000.0,444.0,1,Asian,Male,35-44,75.0,Loan originated
1,1145000.0,45,1775000.0,344.0,1,Asian,Male,25-34,64.779,Loan originated
1,665000.0,43,705000.0,231.0,1,Hispanic or Latino,Joint,55-64,95.0,Loan originated
1,585000.0,38,745000.0,163.0,1,Other,Female,45-54,78.273,Loan originated
1,645000.0,36,685000.0,215.0,1,White,Joint,25-34,95.0,Loan originated
1,325000.0,49,405000.0,71.0,1,Black or African American,Female,25-34,80.0,Loan originated
1,725000.0,20%-<30%,915000.0,258.0,1,White,Male,35-44,80.0,Loan originated
1,345000.0,49,425000.0,67.0,1,White,Joint,65-74,80.0,Loan originated
1,645000.0,39,675000.0,274.0,1,White,Joint,35-44,95.0,Loan originated
1,905000.0,48,1205000.0,183.0,1,White,Male,25-34,75.0,Loan originated
1,105000.0,44,575000.0,53.0,1,White,Female,65-74,17.391,Loan originated
1,465000.0,49,485000.0,147.0,1,Hispanic or Latino,Male,55-64,95.0,Loan originated
1,445000.0,42,495000.0,111.0,1,White,Female,65-74,89.9,Loan originated
1,705000.0,38,885000.0,187.0,1,White,Male,35-44,80.0,Loan originated
1,525000.0,45,655000.0,107.0,1,White,Male,<25,80.0,Loan originated
1,715000.0,39,755000.0,197.0,1,Black or African American,Male,35-44,95.0,Loan originated
1,855000.0,49,955000.0,167.0,1,Asian,Male,45-54,90.0,Loan originated
1,385000.0,48,555000.0,94.0,1,Asian,Joint,45-54,70.0,Loan originated
1,765000.0,38,805000.0,264.0,1,White,Male,35-44,95.0,Loan originated
1,475000.0,44,505000.0,105.0,1,Hispanic or Latino,Female,25-34,94.0,Loan originated
1,375000.0,47,465000.0,74.0,1,Asian,Male,35-44,80.0,Loan originated
1,805000.0,41,925000.0,351.0,1,Asian,Joint,35-44,87.245,Application denied
1,735000.0,47,775000.0,214.0,1,White,Male,45-54,95.0,Loan originated
1,285000.0,49,385000.0,64.0,1,Hispanic or Latino,Male,45-54,75.0,Loan originated
1,405000.0,30%-<36%,435000.0,150.0,1,Hispanic or Latino,Male,45-54,95.0,Loan originated
1,895000.0,42,995000.0,195.0,1,Asian,Male,25-34,90.0,Loan originated
1,1005000.0,50%-60%,3405000.0,242.0,1,White,Joint,65-74,29.412,Loan originated
1,1035000.0,40,1435000.0,256.0,1,Asian,Male,25-34,72.075,Loan originated
1,385000.0,49,485000.0,104.0,1,White,Male,25-34,80.0,Loan originated
1,85000.0,46,145000.0,26.0,1,White,Female,>74,60.0,Loan originated
1,705000.0,38,745000.0,206.0,1,White,Joint,25-34,95.0,Loan originated
1,845000.0,40,1055000.0,231.0,1,White,Male,25-34,80.0,Loan originated
1,225000.0,36,645000.0,74.0,1,White,Male,25-34,35.21,Loan originated
1,785000.0,47,1705000.0,228.0,1,White,Female,35-44,45.882,Loan originated
1,325000.0,40,415000.0,135.0,1,Hispanic or Latino,Male,35-44,80.0,Loan originated
1,545000.0,20%-<30%,945000.0,237.0,1,Asian,Joint,25-34,58.0,Loan originated
1,375000.0,49,555000.0,79.0,1,Asian,Male,35-44,68.0,Loan originated
1,305000.0,43,595000.0,85.0,1,Asian,Joint,45-54,51.695,Loan originated
1,655000.0,44,695000.0,241.0,1,White,Joint,55-64,95.0,Loan originated
1,605000.0,36,755000.0,180.0,1,Asian,Joint,45-54,79.995,Loan originated
1,245000.0,40,445000.0,79.0,1,Black or African American,Male,55-64,55.057,Loan originated
1,385000.0,44,405000.0,173.0,1,White,Male,35-44,95.0,Loan originated
1,275000.0,43,345000.0,78.0,1,Hispanic or Latino,Joint,45-54,80.0,Loan originated
1,235000.0,37,705000.0,96.0,1,Asian,Female,25-34,33.616,Loan originated
1,445000.0,39,705000.0,147.0,1,Asian,Female,35-44,63.5,Loan originated
1,935000.0,20%-<30%,1105000.0,322.0,1,White,Female,25-34,85.0,Loan originated
1,485000.0,39,685000.0,150.0,1,Asian,Female,25-34,70.0,Loan originated
1,675000.0,30%-<36%,975000.0,199.0,1,Asian,Male,45-54,70.0,Loan originated
1,205000.0,46,225000.0,85.0,1,Hispanic or Latino,Joint,45-54,90.0,Loan originated
1,705000.0,48,2265000.0,229.0,1,Asian,Male,35-44,31.2,Loan originated
1,605000.0,47,905000.0,137.0,1,Hispanic or Latino,Male,35-44,66.667,Loan originated
1,205000.0,45,345000.0,53.0,1,Hispanic or Latino,Female,45-54,57.97,Loan originated
1,215000.0,30%-<36%,295000.0,183.0,1,White,Male,45-54,73.324,Loan originated
1,655000.0,43,815000.0,206.0,1,Asian,Female,35-44,80.0,Loan originated
1,1085000.0,48,1355000.0,266.0,1,Asian,Male,25-34,80.0,Loan originated
1,985000.0,30%-<36%,1345000.0,285.0,1,Asian,Female,35-44,73.0,Loan originated
1,475000.0,46,535000.0,133.0,1,White,Female,45-54,87.199,Loan originated
1,325000.0,20%-<30%,405000.0,111.0,1,White,Joint,25-34,80.0,Loan originated
1,525000.0,48,655000.0,178.0,1,Asian,Male,45-54,80.0,Loan originated
1,505000.0,42,905000.0,201.0,1,Hispanic or Latino,Joint,25-34,55.801,Loan originated
1,65000.0,30%-<36%,85000.0,66.0,1,White,Female,45-54,74.77,Application denied
1,285000.0,20%-<30%,535000.0,157.0,1,Black or African American,Joint,35-44,53.357,Loan originated
1,335000.0,48,375000.0,75.0,1,White,Male,<25,90.0,Loan originated
1,165000.0,20%-<30%,325000.0,128.0,1,White,Joint,65-74,50.0,Loan originated
1,905000.0,49,2405000.0,420.0,1,Asian,Male,65-74,37.5,Loan originated
1,225000.0,44,685000.0,87.0,1,White,Joint,55-64,32.46,Loan originated
1,205000.0,40,255000.0,47.0,1,Hispanic or Latino,Male,45-54,80.0,Loan originated
1,555000.0,43,695000.0,147.0,1,Hispanic or Latino,Male,35-44,80.0,Loan originated
1,605000.0,30%-<36%,675000.0,218.0,1,White,Joint,55-64,90.0,Loan originated
1,345000.0,47,555000.0,127.0,1,White,Male,25-34,62.0,Loan originated
1,625000.0,38,1265000.0,203.0,1,Asian,Male,25-34,49.53,Loan originated
1,295000.0,48,305000.0,70.0,1,Black or African American,Male,45-54,97.0,Loan originated
1,675000.0,30%-<36%,905000.0,408.0,1,Asian,Joint,35-44,75.0,Loan originated
1,705000.0,36,1335000.0,361.0,1,White,Joint,65-74,52.632,Loan originated
1,355000.0,30%-<36%,585000.0,119.0,1,Hispanic or Latino,Joint,55-64,59.829,Loan originated
1,345000.0,50%-60%,625000.0,61.0,1,Hispanic or Latino,Joint,35-44,55.2,Application denied
1,755000.0,40,1915000.0,281.0,1,Asian,Male,55-64,39.18,Loan originated
1,725000.0,44,1165000.0,185.0,1,White,Male,65-74,62.232,Loan originated
1,365000.0,43,375000.0,82.0,1,Hispanic or Latino,Male,35-44,97.0,Loan originated
1,675000.0,42,755000.0,170.0,1,White,Male,35-44,90.0,Loan originated
1,735000.0,50%-60%,1135000.0,173.0,1,Asian,Joint,25-34,65.0,Application denied
1,505000.0,39,505000.0,121.0,1,Asian,Male,25-34,101.75,Loan originated
1,715000.0,38,795000.0,171.0,1,Asian,Male,35-44,90.0,Loan originated
1,495000.0,40,595000.0,118.0,1,Asian,Joint,35-44,83.18,Loan originated
1,485000.0,47,605000.0,163.0,1,Hispanic or Latino,Male,25-34,80.0,Loan originated
1,605000.0,49,625000.0,151.0,1,Other,Male,25-34,100.0,Loan originated
1,395000.0,30%-<36%,895000.0,188.0,1,Asian,Male,55-64,44.448,Loan originated
1,75000.0,20%-<30%,485000.0,58.0,1,White,Joint,45-54,15.625,Loan originated
1,715000.0,30%-<36%,955000.0,230.0,1,Asian,Joint,25-34,75.0,Loan originated
1,155000.0,40,835000.0,124.0,1,Asian,Male,35-44,97.006,Loan originated
1,355000.0,30%-<36%,375000.0,116.0,1,White,Female,45-54,95.0,Loan originated
1,765000.0,20%-<30%,905000.0,329.0,1,Asian,Joint,25-34,85.172,Loan originated
1,625000.0,30%-<36%,655000.0,201.0,1,White,Joint,>74,95.0,Loan originated
1,605000.0,20%-<30%,2005000.0,336.0,1,White,Joint,35-44,30.042,Loan originated
1,755000.0,36,1635000.0,233.0,1,Asian,Joint,25-34,45.788,Loan originated
1,755000.0,41,835000.0,232.0,1,White,Female,25-34,89.99,Loan originated
1,975000.0,<20%,1295000.0,947.0,1,White,Male,25-34,75.0,Loan originated
1,945000.0,30%-<36%,1785000.0,270.0,1,Asian,Joint,25-34,52.8,Loan originated
1,535000.0,37,885000.0,160.0,1,Asian,Joint,25-34,60.0,Loan originated
1,695000.0,47,775000.0,172.0,1,Asian,Joint,45-54,90.0,Loan originated
1,465000.0,45,825000.0,125.0,1,Asian,Male,35-44,56.098,Loan originated
1,525000.0,36,585000.0,191.0,1,Asian,Male,25-34,90.0,Loan originated
1,455000.0,44,575000.0,103.0,1,Asian,Joint,45-54,80.0,Loan originated
1,575000.0,<20%,585000.0,236.0,1,Hispanic or Latino,Joint,25-34,5.43,Application denied
1,445000.0,44,465000.0,118.0,1,Hispanic or Latino,Male,25-34,100.0,Loan originated
1,695000.0,47,735000.0,342.0,1,Black or African American,Male,55-64,95.0,Loan originated
1,425000.0,44,435000.0,129.0,1,Asian,Male,25-34,100.0,Loan originated
1,25000.0,<20%,375000.0,100.0,1,White,Male,25-34,6.76,Application denied
1,155000.0,48,155000.0,47.0,1,White,Male,<25,100.0,Loan originated
1,625000.0,20%-<30%,1825000.0,293.0,1,Asian,Male,55-64,34.247,Loan originated
1,565000.0,30%-<36%,655000.0,170.0,1,White,Female,25-34,85.758,Loan originated
1,215000.0,30%-<36%,295000.0,131.0,1,Hispanic or Latino,Joint,55-64,75.0,Application denied
1,335000.0,48,395000.0,71.0,1,White,Male,35-44,85.55,Loan originated
1,475000.0,49,535000.0,118.0,1,Asian,Joint,25-34,89.99,Loan originated
1,655000.0,30%-<36%,825000.0,206.0,1,Hispanic or Latino,Male,35-44,80.0,Loan originated
1,355000.0,20%-<30%,395000.0,144.0,1,White,Male,35-44,90.0,Loan originated
1,665000.0,20%-<30%,835000.0,307.0,1,White,Joint,25-34,80.0,Loan originated
1,905000.0,38,1535000.0,230.0,1,Asian,Joint,35-44,58.824,Loan originated
1,345000.0,48,565000.0,89.0,1,White,Female,25-34,59.755,Loan originated
1,375000.0,42,385000.0,111.0,1,Asian,Male,35-44,96.11,Loan originated
1,855000.0,37,1155000.0,276.0,1,Asian,Female,25-34,73.913,Loan originated
1,805000.0,30%-<36%,1205000.0,199.0,1,Hispanic or Latino,Male,35-44,66.667,Loan originated
1,95000.0,30%-<36%,125000.0,77.0,1,White,Joint,<25,77.03,Application denied
1,335000.0,43,525000.0,90.0,1,White,Female,25-34,64.381,Loan originated
1,355000.0,20%-<30%,455000.0,218.0,1,White,Male,55-64,77.78,Loan originated
1,355000.0,20%-<30%,655000.0,143.0,1,White,Male,45-54,53.846,Loan originated
1,405000.0,49,555000.0,80.0,1,White,Male,55-64,72.727,Loan originated
1,275000.0,48,295000.0,80.0,1,White,Female,35-44,92.203,Loan originated
1,695000.0,41,765000.0,168.0,1,Asian,Male,45-54,90.0,Loan originated
1,655000.0,43,1355000.0,239.0,1,White,Male,>74,48.148,Loan originated
1,475000.0,39,495000.0,118.0,1,Hispanic or Latino,Male,35-44,97.0,Loan originated
1,865000.0,30%-<36%,1235000.0,277.0,1,Asian,Joint,25-34,70.0,Loan originated
1,315000.0,49,525000.0,184.0,1,Asian,Male,25-34,60.0,Loan originated
1,525000.0,49,655000.0,273.0,1,Asian,Male,25-34,80.0,Loan originated
1,495000.0,49,525000.0,173.0,1,Hispanic or Latino,Joint,35-44,95.0,Application denied
1,575000.0,30%-<36%,675000.0,379.0,1,Asian,Joint,35-44,86.0,Loan originated
1,175000.0,30%-<36%,225000.0,101.0,1,White,Female,25-34,77.778,Loan originated
1,445000.0,38,875000.0,155.0,1,White,Female,45-54,50.91,Loan originated
1,655000.0,40,735000.0,198.0,1,Hispanic or Latino,Male,35-44,88.762,Loan originated
1,355000.0,37,365000.0,120.0,1,Hispanic or Latino,Male,<25,97.0,Loan originated
1,605000.0,44,755000.0,244.0,1,Asian,Male,35-44,80.0,Loan originated
1,445000.0,44,465000.0,105.0,1,Black or African American,Male,25-34,97.0,Loan originated
1,495000.0,20%-<30%,545000.0,261.0,1,Asian,Female,25-34,90.0,Loan originated
1,665000.0,>60%,695000.0,196.0,1,White,Joint,45-54,95.0,Application denied
1,485000.0,45,565000.0,114.0,1,Hispanic or Latino,Joint,35-44,85.0,Loan originated
1,235000.0,47,245000.0,80.0,1,Black or African American,Male,45-54,100.0,Loan originated
1,665000.0,20%-<30%,735000.0,303.0,1,Hispanic or Latino,Male,65-74,89.989,Loan originated
1,755000.0,47,945000.0,169.0,1,Asian,Male,35-44,95.957,Loan originated
1,525000.0,44,925000.0,166.0,1,Asian,Male,45-54,56.52,Loan originated
1,1035000.0,49,2025000.0,226.0,1,Asian,Female,35-44,51.0,Loan originated
1,325000.0,44,435000.0,114.0,1,White,Joint,25-34,95.0,Loan originated
1,765000.0,42,865000.0,201.0,1,Asian,Joint,25-34,88.92,Loan originated
1,485000.0,49,515000.0,103.0,1,Hispanic or Latino,Joint,35-44,94.854,Loan originated
1,755000.0,45,1465000.0,171.0,1,Asian,Joint,25-34,51.33,Loan originated
1,405000.0,41,605000.0,96.0,1,White,Joint,55-64,66.67,Loan originated
1,375000.0,49,575000.0,86.0,1,White,Female,55-64,65.339,Loan originated
1,715000.0,41,885000.0,371.0,1,Asian,Joint,35-44,80.0,Loan originated
1,885000.0,49,1105000.0,293.0,1,Asian,Joint,25-34,80.0,Loan originated
1,435000.0,20%-<30%,545000.0,214.0,1,White,Joint,25-34,80.0,Loan originated
1,765000.0,39,955000.0,199.0,1,Asian,Joint,35-44,80.0,Loan originated
1,155000.0,<20%,1195000.0,311.0,1,White,Male,>74,12.605,Loan originated
1,565000.0,30%-<36%,575000.0,181.0,1,Hispanic or Latino,Joint,25-34,97.0,Loan originated
1,485000.0,37,785000.0,124.0,1,Asian,Female,45-54,61.538,Loan originated
1,755000.0,44,945000.0,408.0,1,White,Female,65-74,80.0,Loan originated
1,215000.0,45,535000.0,89.0,1,White,Male,>74,39.104,Loan originated
1,485000.0,30%-<36%,605000.0,230.0,1,White,Female,45-54,80.0,Loan originated
1,315000.0,46,585000.0,260.0,1,Black or African American,Female,45-54,53.448,Loan originated
1,745000.0,40,785000.0,295.0,1,White,Joint,35-44,95.0,Loan originated
1,335000.0,44,445000.0,75.0,1,Hispanic or Latino,Male,25-34,96.88,Loan originated
1,695000.0,39,775000.0,384.0,1,White,Joint,35-44,90.0,Loan originated
1,745000.0,37,785000.0,207.0,1,White,Joint,25-34,95.0,Loan originated
1,505000.0,30%-<36%,705000.0,452.0,1,White,Joint,45-54,70.72,Loan originated
1,1145000.0,49,1755000.0,263.0,1,White,Joint,25-34,66.0,Loan originated
1,285000.0,20%-<30%,295000.0,103.0,1,Hispanic or Latino,Joint,45-54,95.0,Loan originated
1,695000.0,<20%,1695000.0,389.0,1,White,Joint,35-44,41.0,Loan originated
1,525000.0,20%-<30%,655000.0,190.0,1,Hispanic or Latino,Male,35-44,80.0,Loan originated
1,655000.0,44,815000.0,178.0,1,White,Female,<25,80.0,Loan originated
1,605000.0,30%-<36%,875000.0,197.0,1,Hispanic or Latino,Joint,25-34,70.0,Loan originated
1,605000.0,43,755000.0,293.0,1,Asian,Male,35-44,80.0,Loan originated
1,765000.0,30%-<36%,1105000.0,288.0,1,White,Joint,35-44,69.686,Loan originated
1,355000.0,49,475000.0,116.0,1,White,Female,55-64,75.0,Loan originated
1,175000.0,49,195000.0,75.0,1,White,Joint,35-44,90.0,Loan originated
1,445000.0,42,465000.0,113.0,1,Hispanic or Latino,Joint,<25,100.0,Loan originated
1,585000.0,38,695000.0,146.0,1,White,Female,<25,85.0,Loan originated
1,645000.0,49,805000.0,237.0,1,Hispanic or Latino,Male,45-54,80.0,Loan originated
1,525000.0,48,555000.0,118.0,1,White,Joint,35-44,95.0,Loan originated
1,305000.0,50%-60%,565000.0,70.0,1,Asian,Joint,45-54,100.0,Application denied
1,255000.0,30%-<36%,305000.0,114.0,1,White,Joint,35-44,83.444,Loan originated
1,1015000.0,41,1265000.0,232.0,1,Asian,Male,35-44,80.0,Loan originated
1,475000.0,20%-<30%,535000.0,190.0,1,White,Joint,35-44,90.0,Loan originated
1,685000.0,30%-<36%,1055000.0,294.0,1,Asian,Female,35-44,65.0,Loan originated
1,565000.0,49,1025000.0,141.0,1,Asian,Male,45-54,55.077,Loan originated
1,455000.0,46,565000.0,95.0,1,White,Joint,25-34,80.0,Loan originated
1,455000.0,43,545000.0,119.0,1,Hispanic or Latino,Male,>74,83.333,Loan originated
1,585000.0,30%-<36%,755000.0,187.0,1,Asian,Joint,25-34,77.333,Loan originated
1,495000.0,48,615000.0,151.0,1,Asian,Female,35-44,90.0,Loan originated
1,505000.0,48,595000.0,248.0,1,Hispanic or Latino,Male,25-34,85.0,Loan originated
1,655000.0,45,685000.0,252.0,1,White,Joint,55-64,95.0,Loan originated
1,745000.0,20%-<30%,825000.0,275.0,1,Asian,Joint,25-34,89.877,Loan originated
1,425000.0,46,575000.0,99.0,1,White,Female,<25,75.0,Loan originated
1,995000.0,48,1195000.0,213.0,1,Asian,Male,35-44,83.0,Loan originated
1,935000.0,49,1045000.0,182.0,1,Hispanic or Latino,Joint,35-44,89.5,Loan originated
1,615000.0,47,655000.0,180.0,1,Asian,Male,35-44,93.0,Loan originated
1,585000.0,47,745000.0,157.0,1,Hispanic or Latino,Male,45-54,78.926,Loan originated
1,625000.0,45,655000.0,150.0,1,Asian,Male,35-44,95.0,Loan originated
1,255000.0,46,455000.0,65.0,1,Hispanic or Latino,Male,35-44,56.521,Loan originated
1,985000.0,44,1265000.0,235.0,1,White,Female,35-44,77.62,Loan originated
1,765000.0,47,1025000.0,161.0,1,Hispanic or Latino,Male,45-54,75.0,Loan originated
1,1105000.0,20%-<30%,1305000.0,452.0,1,White,Male,35-44,85.0,Loan originated
1,725000.0,30%-<36%,905000.0,280.0,1,Asian,Female,25-34,80.0,Loan originated
1,625000.0,44,845000.0,464.0,1,Hispanic or Latino,Male,35-44,74.881,Loan originated
1,585000.0,49,735000.0,179.0,1,White,Male,35-44,80.0,Loan originated
1,455000.0,43,555000.0,159.0,1,Hispanic or Latino,Joint,25-34,101.144,Loan originated
1,415000.0,37,435000.0,112.0,1,White,Female,55-64,95.0,Loan originated
1,305000.0,30%-<36%,385000.0,97.0,1,White,Male,45-54,80.0,Loan originated
1,405000.0,49,445000.0,100.0,1,Hispanic or Latino,Female,35-44,90.0,Loan originated
1,455000.0,38,565000.0,126.0,1,White,Joint,25-34,80.0,Loan originated
1,735000.0,20%-<30%,915000.0,251.0,1,Black or African American,Joint,35-44,80.0,Loan originated
1,615000.0,>60%,775000.0,72.0,1,Asian,Joint,55-64,80.0,Application denied
1,275000.0,36,575000.0,99.0,1,Asian,Female,25-34,47.36,Loan originated
1,435000.0,49,465000.0,120.0,1,Hispanic or Latino,Female,45-54,95.0,Loan originated
1,1145000.0,45,1365000.0,239.0,1,Asian,Joint,25-34,95.0,Loan originated
1,755000.0,50%-60%,795000.0,211.0,1,Hispanic or Latino,Female,35-44,95.0,Loan originated
1,475000.0,30%-<36%,695000.0,165.0,1,White,Female,25-34,67.632,Loan originated
1,325000.0,30%-<36%,405000.0,102.0,1,White,Male,35-44,80.0,Loan originated
1,855000.0,20%-<30%,2495000.0,374.0,1,White,Joint,65-74,34.14,Loan originated
1,455000.0,43,845000.0,151.0,1,Asian,Male,35-44,53.35,Loan originated
1,245000.0,<20%,515000.0,186.0,1,White,Joint,55-64,46.602,Loan originated
1,675000.0,20%-<30%,755000.0,253.0,1,Asian,Joint,35-44,90.0,Loan originated
1,505000.0,48,575000.0,101.0,1,Hispanic or Latino,Female,35-44,86.957,Loan originated
1,645000.0,41,715000.0,216.0,1,Black or African American,Female,55-64,90.0,Loan originated
1,735000.0,41,865000.0,215.0,1,Asian,Male,35-44,85.0,Loan originated
1,755000.0,49,835000.0,183.0,1,White,Male,55-64,94.5,Loan originated
1,845000.0,44,1055000.0,207.0,1,Asian,Male,35-44,80.0,Loan originated
1,685000.0,41,985000.0,218.0,1,Hispanic or Latino,Joint,35-44,69.388,Loan originated
1,785000.0,37,975000.0,307.0,1,Asian,Joint,35-44,80.0,Loan originated
1,595000.0,50%-60%,615000.0,165.0,1,Hispanic or Latino,Male,35-44,101.5,Application denied
1,775000.0,40,655000.0,203.0,1,Black or African American,Male,45-54,95.0,Application denied
1,365000.0,30%-<36%,425000.0,100.0,1,White,Male,25-34,85.0,Loan originated
1,195000.0,<20%,215000.0,107.0,1,Hispanic or Latino,Male,45-54,90.48,Loan originated
1,785000.0,42,875000.0,158.0,1,Asian,Male,25-34,90.0,Loan originated
1,505000.0,45,635000.0,133.0,1,Asian,Male,55-64,80.0,Loan originated
1,415000.0,44,575000.0,108.0,1,Asian,Male,25-34,71.93,Loan originated
1,965000.0,30%-<36%,1135000.0,299.0,1,Asian,Joint,25-34,85.0,Loan originated
1,995000.0,49,1535000.0,239.0,1,Asian,Male,35-44,64.967,Loan originated
1,805000.0,36,1275000.0,243.0,1,Asian,Male,35-44,62.745,Loan originated
1,385000.0,30%-<36%,515000.0,119.0,1,White,Male,25-34,75.0,Loan originated
1,485000.0,39,655000.0,176.0,1,White,Female,25-34,75.0,Loan originated
1,575000.0,47,955000.0,126.0,1,Asian,Joint,45-54,60.0,Loan originated
1,905000.0,20%-<30%,1305000.0,318.0,1,Asian,Joint,25-34,69.231,Loan originated
1,485000.0,44,1195000.0,126.0,1,Asian,Male,45-54,40.302,Loan originated
1,395000.0,40,445000.0,135.0,1,White,Male,25-34,90.0,Loan originated
1,795000.0,49,995000.0,249.0,1,Asian,Joint,45-54,80.0,Loan originated
1,525000.0,36,665000.0,159.0,1,White,Female,25-34,100.0,Loan originated
1,275000.0,49,395000.0,93.0,1,Black or African American,Female,55-64,70.0,Loan originated
1,695000.0,40,715000.0,160.0,1,Asian,Male,35-44,97.0,Loan originated
1,545000.0,38,1045000.0,200.0,1,White,Male,25-34,51.969,Loan originated
1,675000.0,46,845000.0,142.0,1,White,Joint,25-34,80.0,Loan originated
1,415000.0,40,455000.0,125.0,1,Asian,Male,35-44,90.0,Loan originated
1,745000.0,37,1495000.0,240.0,1,White,Male,45-54,50.0,Loan originated
1,435000.0,48,605000.0,98.0,1,Hispanic or Latino,Joint,35-44,72.5,Loan originated
1,385000.0,36,485000.0,126.0,1,Asian,Joint,35-44,80.0,Loan originated
1,205000.0,49,555000.0,55.0,1,White,Female,35-44,36.479,Application denied
1,1045000.0,49,1455000.0,271.0,1,White,Female,45-54,71.75,Loan originated
1,835000.0,30%-<36%,1195000.0,476.0,1,Asian,Joint,25-34,70.0,Loan originated
1,705000.0,41,855000.0,190.0,1,Asian,Joint,35-44,100.0,Loan originated
1,255000.0,49,415000.0,56.0,1,Hispanic or Latino,Female,35-44,63.0,Loan originated
1,885000.0,47,955000.0,223.0,1,White,Male,35-44,93.0,Loan originated
1,525000.0,<20%,655000.0,2007.0,1,White,Male,35-44,80.0,Application denied
1,625000.0,49,695000.0,159.0,1,White,Male,25-34,90.0,Loan originated
1,1115000.0,44,2405000.0,403.0,1,Asian,Joint,45-54,46.1,Loan originated
1,365000.0,30%-<36%,455000.0,104.0,1,Asian,Male,45-54,80.0,Loan originated
1,545000.0,49,805000.0,104.0,1,Hispanic or Latino,Joint,55-64,67.702,Loan originated
1,705000.0,38,1795000.0,234.0,1,White,Joint,45-54,39.106,Loan originated
1,425000.0,>60%,495000.0,123.0,1,Black or African American,Male,65-74,87.0,Application denied
1,1125000.0,30%-<36%,1495000.0,567.0,1,White,Male,55-64,75.2,Loan originated
1,355000.0,47,995000.0,174.0,1,White,Male,55-64,35.5,Loan originated
1,205000.0,20%-<30%,465000.0,118.0,1,White,Female,<25,43.478,Loan originated
1,305000.0,41,375000.0,87.0,1,White,Male,25-34,80.0,Loan originated
1,545000.0,46,575000.0,182.0,1,Black or African American,Female,45-54,94.99,Loan originated
1,105000.0,<20%,645000.0,0.0,1,White,Male,55-64,15.63,Application denied
1,455000.0,40,695000.0,190.0,1,Asian,Joint,55-64,66.0,Loan originated
1,325000.0,42,575000.0,93.0,1,Asian,Joint,35-44,56.522,Loan originated
1,705000.0,48,875000.0,150.0,1,White,Female,45-54,80.0,Loan originated
1,1145000.0,48,2125000.0,319.0,1,Asian,Joint,35-44,54.109,Loan originated
1,465000.0,36,665000.0,178.0,1,Hispanic or Latino,Male,25-34,70.0,Loan originated
1,405000.0,37,875000.0,150.0,1,Asian,Male,25-34,45.977,Loan originated
1,365000.0,37,515000.0,121.0,1,Hispanic or Latino,Male,45-54,70.0,Loan originated
1,625000.0,40,675000.0,185.0,1,Hispanic or Latino,Joint,35-44,91.384,Loan originated
1,705000.0,44,765000.0,178.0,1,Black or African American,Joint,45-54,92.15,Loan originated
1,625000.0,45,785000.0,224.0,1,White,Joint,25-34,80.0,Loan originated
1,875000.0,37,1355000.0,327.0,1,White,Joint,65-74,65.0,Loan originated
1,765000.0,40,845000.0,178.0,1,Hispanic or Latino,Female,25-34,91.256,Loan originated
1,775000.0,43,975000.0,180.0,1,White,Female,65-74,80.0,Loan originated
1,755000.0,20%-<30%,1105000.0,325.0,1,Asian,Male,25-34,69.0,Loan originated
1,755000.0,41,885000.0,255.0,1,White,Female,45-54,85.0,Loan originated
1,585000.0,37,645000.0,564.0,1,Hispanic or Latino,Male,45-54,90.0,Loan originated
1,665000.0,30%-<36%,835000.0,224.0,1,White,Joint,45-54,80.0,Loan originated
1,905000.0,45,1555000.0,214.0,1,White,Female,>74,58.065,Loan originated
1,1105000.0,42,1475000.0,251.0,1,Asian,Female,45-54,75.0,Loan originated
1,665000.0,30%-<36%,835000.0,249.0,1,Asian,Female,35-44,80.0,Loan originated
1,825000.0,45,1225000.0,188.0,1,Asian,Joint,25-34,67.213,Loan originated
1,725000.0,45,915000.0,185.0,1,Asian,Male,45-54,80.0,Loan originated
1,295000.0,30%-<36%,305000.0,92.0,1,White,Female,45-54,97.0,Loan originated
1,185000.0,47,455000.0,58.0,1,White,Female,65-74,41.45,Loan originated
1,575000.0,44,615000.0,153.0,1,Hispanic or Latino,Joint,25-34,95.0,Loan originated
1,315000.0,46,1015000.0,95.0,1,White,Female,>74,30.693,Loan originated
1,625000.0,20%-<30%,735000.0,668.0,1,White,Male,35-44,85.0,Loan originated
1,755000.0,37,805000.0,215.0,1,Asian,Male,25-34,95.0,Loan originated
1,625000.0,41,855000.0,264.0,1,Asian,Joint,25-34,74.0,Loan originated
1,115000.0,44,535000.0,38.0,1,Hispanic or Latino,Female,45-54,21.258,Loan originated
1,475000.0,30%-<36%,925000.0,151.0,1,Asian,Joint,25-34,51.351,Loan originated
1,355000.0,50%-60%,715000.0,124.0,1,White,Male,25-34,49.3,Loan originated
1,505000.0,48,525000.0,123.0,1,Other,Joint,35-44,100.0,Loan originated
1,425000.0,47,535000.0,113.0,1,White,Female,25-34,80.0,Loan originated
1,1055000.0,30%-<36%,1505000.0,283.0,1,Asian,Male,25-34,70.0,Loan originated
1,1025000.0,<20%,1525000.0,1111.0,1,White,Joint,35-44,67.07,Loan originated
1,445000.0,>60%,655000.0,49.0,1,Hispanic or Latino,Female,35-44,67.382,Application denied
1,755000.0,45,1455000.0,294.0,1,White,Male,35-44,51.724,Loan originated
1,1045000.0,47,1495000.0,426.0,1,White,Male,55-64,70.0,Loan originated
1,435000.0,40,635000.0,412.0,1,Hispanic or Latino,Joint,55-64,68.5,Loan originated
1,1045000.0,43,1395000.0,360.0,1,Asian,Joint,35-44,75.0,Loan originated
1,415000.0,48,515000.0,103.0,1,White,Male,45-54,80.0,Loan originated
1,375000.0,43,625000.0,178.0,1,White,Joint,35-44,60.0,Loan originated
1,555000.0,38,855000.0,158.0,1,Asian,Joint,35-44,65.0,Loan originated
1,515000.0,49,545000.0,129.0,1,Hispanic or Latino,Joint,25-34,95.0,Loan originated
1,55000.0,43,685000.0,252.0,1,Asian,Male,35-44,7.35,Application denied
1,945000.0,49,1175000.0,223.0,1,White,Male,25-34,84.01,Loan originated
1,305000.0,44,555000.0,79.0,1,Hispanic or Latino,Joint,65-74,56.0,Loan originated
1,755000.0,44,1055000.0,200.0,1,Asian,Male,55-64,71.467,Loan originated
1,745000.0,47,925000.0,178.0,1,Asian,Male,35-44,80.0,Loan originated
1,565000.0,49,755000.0,155.0,1,White,Female,45-54,75.0,Loan originated
1,685000.0,42,865000.0,179.0,1,White,Male,35-44,80.0,Loan originated
1,675000.0,40,755000.0,206.0,1,Asian,Male,>74,90.0,Loan originated
1,545000.0,42,575000.0,131.0,1,Hispanic or Latino,Male,35-44,95.0,Loan originated
1,875000.0,41,3075000.0,294.0,1,White,Female,45-54,28.428,Loan originated
1,745000.0,30%-<36%,1105000.0,427.0,1,White,Joint,65-74,67.382,Loan originated
1,205000.0,47,255000.0,47.0,1,Hispanic or Latino,Male,35-44,80.0,Loan originated
1,335000.0,49,675000.0,178.0,1,White,Male,65-74,49.651,Loan originated
1,565000.0,46,705000.0,136.0,1,Asian,Male,35-44,80.0,Loan originated
1,675000.0,39,845000.0,160.0,1,White,Male,25-34,80.0,Loan originated
1,265000.0,44,345000.0,83.0,1,White,Male,>74,75.0,Loan originated
1,475000.0,30%-<36%,635000.0,130.0,1,Hispanic or Latino,Female,45-54,73.69,Loan originated
1,635000.0,39,665000.0,187.0,1,Hispanic or Latino,Male,35-44,95.0,Loan originated
1,305000.0,45,315000.0,72.0,1,White,Male,35-44,97.0,Loan originated
1,425000.0,40,875000.0,109.0,1,Asian,Joint,65-74,48.276,Loan originated
1,315000.0,36,395000.0,96.0,1,White,Male,35-44,80.0,Loan originated
1,695000.0,49,875000.0,134.0,1,Asian,Male,35-44,79.66,Loan originated
1,1025000.0,49,1275000.0,200.0,1,Asian,Joint,25-34,80.0,Loan originated
1,285000.0,20%-<30%,405000.0,394.0,1,White,Joint,35-44,70.0,Loan originated
1,885000.0,49,985000.0,195.0,1,White,Male,25-34,90.0,Loan originated
1,625000.0,43,785000.0,178.0,1,White,Joint,25-34,80.0,Loan originated
1,485000.0,42,685000.0,162.0,1,Asian,Male,35-44,70.0,Loan originated
1,525000.0,37,705000.0,151.0,1,White,Joint,35-44,75.0,Loan originated
1,505000.0,43,3065000.0,291.0,1,Asian,Male,35-44,16.34,Loan originated
1,1145000.0,45,1355000.0,254.0,1,White,Joint,55-64,85.0,Loan originated
1,205000.0,42,845000.0,82.0,1,White,Male,65-74,23.8,Loan originated
1,255000.0,30%-<36%,655000.0,116.0,1,Hispanic or Latino,Female,45-54,38.47,Loan originated
1,675000.0,47,1125000.0,165.0,1,Hispanic or Latino,Female,35-44,60.0,Loan originated
