                             derived_race derived_sex      derived_ethnicity  total_apps  avg_loan_amount  std_loan_amount  Q1_loan_amount  Q3_loan_amount  avg_loan_to_value_ratio  std_loan_to_value_ratio  Q1_loan_to_value_ratio  Q3_loan_to_value_ratio  avg_debt_to_income_ratio  std_debt_to_income_ratio  Q1_debt_to_income_ratio  Q3_debt_to_income_ratio  avg_property_value  std_property_value  Q1_property_value  Q3_property_value  avg_income  std_income  Q1_income  Q3_income  accepted  denied  iqr_loan_amount  iqr_property_value  iqr_income  acceptance_rate  acceptance_rate_pct
                 2 or more minority races      Female Not Hispanic or Latino           1    435000.000000              NaN        435000.0        435000.0                91.500000                      NaN                91.50000                91.50000                 49.000000                       NaN                    49.00                    49.00        4.850000e+05                 NaN           485000.0           485000.0  119.000000         NaN     119.00     119.00         1       0              0.0                 0.0        0.00         1.000000           100.000000
                 2 or more minority races        Male     Hispanic or Latino           2    605000.000000    240416.305603        520000.0        690000.0                67.563000                27.489483                57.84400                77.28200                 42.500000                  2.121320                    41.75                    43.25        1.050000e+06       784888.527117           772500.0          1327500.0  227.000000   45.254834     211.00     243.00         2       0         170000.0            555000.0       32.00         1.000000           100.000000
                 2 or more minority races        Male Not Hispanic or Latino           1    605000.000000              NaN        605000.0        605000.0                80.000000                      NaN                80.00000                80.00000                 39.000000                       NaN                    39.00                    39.00        7.550000e+05                 NaN           755000.0           755000.0  155.000000         NaN     155.00     155.00         1       0              0.0                 0.0        0.00         1.000000           100.000000
         American Indian or Alaska Native      Female     Hispanic or Latino           5    517000.000000    285779.635384        405000.0        635000.0                67.498600                31.139774                68.00000                80.00000                 43.500000                  1.290994                      NaN                      NaN        7.710000e+05       255792.884968           695000.0           935000.0  254.200000  279.201898     106.00     191.00         5       0         230000.0            240000.0       85.00         1.000000           100.000000
         American Indian or Alaska Native      Female Not Hispanic or Latino           4    450000.000000    140118.997047        362500.0        482500.0                82.456250                22.478839                73.75000                91.20125                 42.250000                  4.573474                    39.25                    45.50        5.825000e+05       226917.753088           417500.0           770000.0  132.250000   44.679414     104.50     147.75         3       1         120000.0            352500.0       43.25         0.750000            75.000000
         American Indian or Alaska Native        Male     Hispanic or Latino          11    382272.727273     66496.753167        330000.0        420000.0                80.944545                15.997307                80.00000                95.00000                 44.500000                  3.865805                      NaN                      NaN        4.913636e+05       117751.664725           450000.0           520000.0  133.000000   57.860176     101.50     154.50         9       2          90000.0             70000.0       53.00         0.818182            81.818182
         American Indian or Alaska Native        Male Not Hispanic or Latino           3    481666.666667    230289.672659        370000.0        600000.0                69.000000                32.908965                56.00000                87.50000                 47.666667                  1.154701                    47.00                    48.00        7.283333e+05       181750.745070           655000.0           830000.0  110.333333   39.017090      90.50     129.50         3       0         230000.0            175000.0       39.00         1.000000           100.000000
                                    Asian      Female     Hispanic or Latino           8    476250.000000    154867.454849        387500.0        600000.0                77.278250                12.809565                68.91750                84.75000                 43.800000                  5.357238                      NaN                      NaN        6.462500e+05       252554.803105           452500.0           830000.0  117.500000   56.053546      69.75     150.25         7       1         212500.0            377500.0       80.50         0.875000            87.500000
                                    Asian      Female Not Hispanic or Latino         233    589034.334764    226239.952390        415000.0        715000.0                73.133348                18.902796                65.00000                86.00000                 43.943503                  4.136475                      NaN                      NaN        8.716524e+05       461956.991771           585000.0          1025000.0  188.107296  106.029727     125.00     228.00       212      21         300000.0            440000.0      103.00         0.909871            90.987124
                                    Asian        Male     Hispanic or Latino          12    487500.000000    191317.204473        420000.0        585000.0                76.377083                18.980798                72.80500                89.99925                 47.428571                  1.397276                      NaN                      NaN        6.833333e+05       302619.873569           550000.0           852500.0  163.916667   90.057011      97.50     197.00        10       2         165000.0            302500.0       99.50         0.833333            83.333333
                                    Asian        Male Not Hispanic or Latino         376    633856.382979    229063.066976        465000.0        765000.0                74.563755                16.514663                69.97750                85.00000                 44.114815                  4.097982                      NaN                      NaN        8.939628e+05       362643.977766           635000.0          1105000.0  201.247340  153.942258     133.00     235.75       343      33         300000.0            470000.0      102.75         0.912234            91.223404
                Black or African American      Female     Hispanic or Latino           2    495000.000000     14142.135624        490000.0        500000.0                95.000000                 0.000000                95.00000                95.00000                 47.000000                  2.828427                    46.00                    48.00        5.250000e+05        14142.135624           520000.0           530000.0  128.000000    1.414214     127.50     128.50         2       0          10000.0             10000.0        1.00         1.000000           100.000000
                Black or African American      Female Not Hispanic or Latino          44    501136.363636    203483.796385        342500.0        597500.0                82.770068                16.593085                76.93350                95.00000                 44.531250                  3.843590                      NaN                      NaN        6.665909e+05       305027.205663           470000.0           787500.0  162.545455  113.402854      98.75     177.25        37       7         255000.0            317500.0       78.50         0.840909            84.090909
                Black or African American        Male     Hispanic or Latino           3    445000.000000    155241.746963        370000.0        525000.0                75.296667                34.127174                65.44500                95.00000                 45.000000                  4.242641                      NaN                      NaN        6.283333e+05       155026.879390           550000.0           705000.0  145.666667   54.372174     123.50     176.00         3       0         155000.0            155000.0       52.50         1.000000           100.000000
                Black or African American        Male Not Hispanic or Latino          33    546212.121212    267707.367938        375000.0        665000.0                84.928758                14.246868                80.00000                95.00000                 44.608696                  4.271886                      NaN                      NaN        6.565152e+05       338361.134848           435000.0           775000.0  164.242424   91.220211     108.00     189.00        29       4         290000.0            340000.0       81.00         0.878788            87.878788
Native Hawaiian or Other Pacific Islander      Female     Hispanic or Latino           1    185000.000000              NaN        185000.0        185000.0                80.000000                      NaN                80.00000                80.00000                 42.000000                       NaN                    42.00                    42.00        2.350000e+05                 NaN           235000.0           235000.0   84.000000         NaN      84.00      84.00         1       0              0.0                 0.0        0.00         1.000000           100.000000
Native Hawaiian or Other Pacific Islander      Female Not Hispanic or Latino           2    290000.000000    106066.017178        252500.0        327500.0                60.768500                48.410652                43.65275                77.88425                 49.000000                       NaN                      NaN                      NaN        6.000000e+05       304055.915910           492500.0           707500.0  116.000000   65.053824      93.00     139.00         2       0          75000.0            215000.0       46.00         1.000000           100.000000
Native Hawaiian or Other Pacific Islander        Male     Hispanic or Latino           2    475000.000000         0.000000        475000.0        475000.0                75.000000                25.455844                66.00000                84.00000                       NaN                       NaN                      NaN                      NaN        6.650000e+05       226274.169980           585000.0           745000.0  356.000000  342.239682     235.00     477.00         1       1              0.0            160000.0      242.00         0.500000            50.000000
Native Hawaiian or Other Pacific Islander        Male Not Hispanic or Latino           8    527500.000000    269059.207504        340000.0        645000.0                84.806250                18.959716                85.02825                95.25000                 45.714286                  5.056820                      NaN                      NaN        6.375000e+05       287340.017600           432500.0           755000.0  141.125000   54.143823     119.25     167.75         7       1         305000.0            322500.0       48.50         0.875000            87.500000
                                    White      Female     Hispanic or Latino         137    443686.131387    196168.510688        335000.0        545000.0                84.068985                14.016946                80.00000                95.00000                 44.298246                  4.046040                      NaN                      NaN        5.508394e+05       245439.708470           415000.0           655000.0  131.102190   72.138886      86.00     159.00       124      13         210000.0            240000.0       73.00         0.905109            90.510949
                                    White      Female Not Hispanic or Latino         353    479617.563739    245406.512073        305000.0        635000.0                69.839038                21.144080                58.00000                85.00000                 44.293617                  4.123489                      NaN                      NaN        7.220538e+05       371518.444335           475000.0           895000.0  161.572238  102.769745      93.00     199.00       328      25         330000.0            420000.0      106.00         0.929178            92.917847
                                    White        Male     Hispanic or Latino         307    455944.625407    212470.882731        305000.0        595000.0                81.571805                17.831813                78.35200                95.00000                 44.552632                  3.972576                      NaN                      NaN        5.814495e+05       281859.082481           395000.0           730000.0  151.915309  111.726963      88.50     175.50       286      21         290000.0            335000.0       87.00         0.931596            93.159609
                                    White        Male Not Hispanic or Latino         452    535442.477876    262463.645479        342500.0        697500.0                74.710531                18.823566                66.91675                89.90000                 43.950178                  3.963811                      NaN                      NaN        7.588053e+05       407170.363368           465000.0           945000.0  218.466814  233.167843     114.00     253.50       430      22         355000.0            480000.0      139.50         0.951327            95.132743