                             derived_race derived_sex      derived_ethnicity  total_apps  avg_loan_amount  std_loan_amount  Q1_loan_amount  Q3_loan_amount  avg_loan_to_value_ratio  std_loan_to_value_ratio  Q1_loan_to_value_ratio  Q3_loan_to_value_ratio  avg_debt_to_income_ratio  std_debt_to_income_ratio  Q1_debt_to_income_ratio  Q3_debt_to_income_ratio  avg_property_value  std_property_value  Q1_property_value  Q3_property_value  avg_income  std_income  Q1_income  Q3_income  accepted  denied  iqr_loan_amount  iqr_property_value  iqr_income  acceptance_rate  acceptance_rate_pct
                 2 or more minority races        Male     Hispanic or Latino           3    488333.333333    159478.316185        400000.0        555000.0                70.585000                25.427245                60.89650                 84.9810                 49.000000                       NaN                      NaN                      NaN       728333.333333       202319.878740           665000.0           845000.0  174.666667   15.695010     168.50     183.50         3       0         155000.0            180000.0       15.00         1.000000           100.000000
                 2 or more minority races        Male Not Hispanic or Latino           5    417000.000000    182263.545450        305000.0        495000.0                71.243200                27.421270                43.76700                 95.0000                 41.000000                  1.414214                      NaN                      NaN       607000.000000       190971.202017           515000.0           735000.0  165.600000  101.406607     121.00     146.00         5       0         190000.0            220000.0       25.00         1.000000           100.000000
         American Indian or Alaska Native      Female     Hispanic or Latino           1    285000.000000              NaN        285000.0        285000.0                95.000000                      NaN                95.00000                 95.0000                 42.000000                       NaN                     42.0                     42.0       295000.000000                 NaN           295000.0           295000.0   76.000000         NaN      76.00      76.00         1       0              0.0                 0.0        0.00         1.000000           100.000000
         American Indian or Alaska Native      Female Not Hispanic or Latino           1    245000.000000              NaN        245000.0        245000.0                64.267000                      NaN                64.26700                 64.2670                 47.000000                       NaN                     47.0                     47.0       375000.000000                 NaN           375000.0           375000.0   62.000000         NaN      62.00      62.00         1       0              0.0                 0.0        0.00         1.000000           100.000000
         American Indian or Alaska Native        Male     Hispanic or Latino          14    475714.285714    157649.283865        382500.0        530000.0                85.751286                17.030978                86.17275                 97.0000                 44.555556                  4.156655                      NaN                      NaN       576428.571429       214506.845609           497500.0           597500.0  142.714286   66.649980     105.25     149.50        13       1         147500.0            100000.0       44.25         0.928571            92.857143
         American Indian or Alaska Native        Male Not Hispanic or Latino           6    566666.666667    173022.156577        505000.0        667500.0                72.406667                27.441271                54.95450                 92.7500                 46.000000                  2.943920                      NaN                      NaN       863333.333333       393924.696696           612500.0          1160000.0  164.166667   54.535921     125.50     212.00         5       1         162500.0            547500.0       86.50         0.833333            83.333333
                                    Asian      Female     Hispanic or Latino           5    517000.000000     51672.042731        475000.0        525000.0                68.558000                20.301022                64.34700                 75.0000                 46.500000                  3.535534                      NaN                      NaN       811000.000000       255205.799307           695000.0           905000.0  133.200000   48.889672      95.00     146.00         3       2          50000.0            210000.0       51.00         0.600000            60.000000
                                    Asian      Female Not Hispanic or Latino         243    581337.448560    241474.810291        405000.0        755000.0                71.809078                18.773441                64.53750                 84.2925                 44.285714                  3.723260                      NaN                      NaN       854135.802469       399503.403095           565000.0          1055000.0  175.189300   90.049557     113.50     213.50       222      21         350000.0            490000.0      100.00         0.913580            91.358025
                                    Asian        Male     Hispanic or Latino           9    431666.666667    122576.506721        385000.0        505000.0                83.680444                12.480355                80.00000                 92.0000                 44.000000                  2.380476                      NaN                      NaN       509444.444444       120011.573516           455000.0           625000.0  148.111111   44.557391     111.00     156.00         9       0         120000.0            170000.0       45.00         1.000000           100.000000
                                    Asian        Male Not Hispanic or Latino         367    605272.479564    230482.819151        435000.0        755000.0                72.684207                16.923004                62.69500                 80.0000                 43.692593                  3.817143                      NaN                      NaN       886852.861035       402260.484533           615000.0          1070000.0  200.179837  126.994472     132.50     230.00       344      23         320000.0            455000.0       97.50         0.937330            93.732970
                Black or African American      Female     Hispanic or Latino           1    705000.000000              NaN        705000.0        705000.0                83.011000                      NaN                83.01100                 83.0110                 44.000000                       NaN                     44.0                     44.0       845000.000000                 NaN           845000.0           845000.0  171.000000         NaN     171.00     171.00         1       0              0.0                 0.0        0.00         1.000000           100.000000
                Black or African American      Female Not Hispanic or Latino          43    499651.162791    200574.755536        385000.0        585000.0                86.826581                16.950289                80.00000                 95.0000                 45.230769                  4.032941                      NaN                      NaN       605697.674419       270074.022912           440000.0           715000.0  189.069767  261.503382     116.00     191.00        36       7         200000.0            275000.0       75.00         0.837209            83.720930
                Black or African American        Male     Hispanic or Latino           5    645000.000000    114236.596588        645000.0        705000.0                82.511200                14.384597                79.55600                 95.0000                 43.666667                  6.110101                      NaN                      NaN       813000.000000       264423.902097           705000.0           815000.0  220.400000   80.101810     158.00     284.00         5       0          60000.0            110000.0      126.00         1.000000           100.000000
                Black or African American        Male Not Hispanic or Latino          30    564000.000000    242179.044624        387500.0        685000.0                86.358433                14.740776                80.00000                 95.0000                 45.818182                  2.648204                      NaN                      NaN       680666.666667       299190.670762           487500.0           760000.0  181.866667  114.794189     103.50     211.50        25       5         297500.0            272500.0      108.00         0.833333            83.333333
Native Hawaiian or Other Pacific Islander      Female     Hispanic or Latino           1    435000.000000              NaN        435000.0        435000.0                80.000000                      NaN                80.00000                 80.0000                 45.000000                       NaN                     45.0                     45.0       545000.000000                 NaN           545000.0           545000.0  100.000000         NaN     100.00     100.00         1       0              0.0                 0.0        0.00         1.000000           100.000000
Native Hawaiian or Other Pacific Islander      Female Not Hispanic or Latino           6    656666.666667    193226.982243        482500.0        792500.0                83.446667                17.540726                81.25000                 93.7500                 43.166667                  5.036533                     39.0                     47.5       853333.333333       397412.464156           527500.0          1020000.0  199.000000   65.293185     165.75     236.00         6       0         310000.0            492500.0       70.25         1.000000           100.000000
Native Hawaiian or Other Pacific Islander        Male     Hispanic or Latino           3    391666.666667    260064.094664        260000.0        520000.0                73.326333                21.539772                62.48950                 84.0280                 46.000000                       NaN                      NaN                      NaN       525000.000000       336452.076825           335000.0           655000.0   99.333333   46.436336      74.50     120.50         2       1         260000.0            320000.0       46.00         0.666667            66.666667
Native Hawaiian or Other Pacific Islander        Male Not Hispanic or Latino           2    265000.000000    226274.169980        185000.0        345000.0                82.500000                 3.535534                81.25000                 83.7500                 41.000000                       NaN                      NaN                      NaN       325000.000000       282842.712475           225000.0           425000.0  129.000000   11.313708     125.00     133.00         1       1         160000.0            200000.0        8.00         0.500000            50.000000
                                    White      Female     Hispanic or Latino         152    422302.631579    196019.901661        295000.0        515000.0                79.221944                19.548139                74.67000                 95.0000                 43.991736                  4.050712                      NaN                      NaN       578750.000000       375955.845829           395000.0           680000.0  128.756579  103.066300      80.00     138.75       136      16         220000.0            285000.0       58.75         0.894737            89.473684
                                    White      Female Not Hispanic or Latino         359    470571.030641    239272.979018        305000.0        595000.0                71.965891                21.057995                60.00000                 89.9000                 43.908046                  3.909453                      NaN                      NaN       705417.827298       405345.005564           455000.0           855000.0  163.094708  117.625943      95.00     197.00       339      20         290000.0            400000.0      102.00         0.944290            94.428969
                                    White        Male     Hispanic or Latino         273    485732.600733    201533.217593        335000.0        625000.0                83.324418                14.506580                80.00000                 95.0000                 44.692308                  3.946510                      NaN                      NaN       598223.443223       256324.152614           415000.0           745000.0  168.329670  244.503747      94.00     178.00       245      28         290000.0            330000.0       84.00         0.897436            89.743590
                                    White        Male Not Hispanic or Latino         471    543301.486200    252764.465205        355000.0        730000.0                74.461389                18.437607                66.00000                 89.9595                 44.171429                  4.070534                      NaN                      NaN       780286.624204       424776.127033           475000.0           995000.0  208.518047  227.704005     111.50     242.00       441      30         375000.0            520000.0      130.50         0.936306            93.630573