                             derived_race derived_sex      derived_ethnicity  total_apps  avg_loan_amount  std_loan_amount  Q1_loan_amount  Q3_loan_amount  avg_loan_to_value_ratio  std_loan_to_value_ratio  Q1_loan_to_value_ratio  Q3_loan_to_value_ratio  avg_debt_to_income_ratio  std_debt_to_income_ratio  Q1_debt_to_income_ratio  Q3_debt_to_income_ratio  avg_property_value  std_property_value  Q1_property_value  Q3_property_value  avg_income  std_income  Q1_income  Q3_income  accepted  denied  iqr_loan_amount  iqr_property_value  iqr_income  acceptance_rate  acceptance_rate_pct
                 2 or more minority races      Female     Hispanic or Latino           2    415000.000000    155563.491861        360000.0        470000.0                87.500000                10.606602                 83.7500                91.25000                 45.000000                  1.414214                     44.5                     45.5       470000.000000       120208.152802           427500.0           512500.0  127.000000   57.982756     106.50     147.50         1       1         110000.0             85000.0       41.00         0.500000            50.000000
                 2 or more minority races      Female Not Hispanic or Latino           4    610000.000000    304685.630336        397500.0        777500.0                75.227500                20.109045                 63.7275                88.00000                 45.000000                  3.464102                     44.5                     46.5       950000.000000       384057.287393           625000.0          1225000.0  152.000000   68.891219     101.25     189.75         4       0         380000.0            600000.0       88.50         1.000000           100.000000
                 2 or more minority races        Male     Hispanic or Latino           1     55000.000000              NaN         55000.0         55000.0                76.370000                      NaN                 76.3700                76.37000                 37.000000                       NaN                     37.0                     37.0        65000.000000                 NaN            65000.0            65000.0   40.000000         NaN      40.00      40.00         1       0              0.0                 0.0        0.00         1.000000           100.000000
                 2 or more minority races        Male Not Hispanic or Latino           2    585000.000000     70710.678119        560000.0        610000.0                71.000000                 5.656854                 69.0000                73.00000                 42.000000                       NaN                      NaN                      NaN       825000.000000        28284.271247           815000.0           835000.0  182.500000   81.317280     153.75     211.25         2       0          50000.0             20000.0       57.50         1.000000           100.000000
         American Indian or Alaska Native      Female     Hispanic or Latino           9    501666.666667    386037.562939        255000.0        485000.0                83.684556                 9.827328                 79.1670                89.80900                 46.000000                  3.265986                      NaN                      NaN       590555.555556       446545.381543           365000.0           605000.0  140.111111  101.462363      90.00     155.00         8       1         230000.0            240000.0       65.00         0.888889            88.888889
         American Indian or Alaska Native      Female Not Hispanic or Latino           4    387500.000000    166608.323121        292500.0        480000.0                87.500000                 9.882645                 79.5000                95.50000                 41.500000                  7.778175                      NaN                      NaN       465000.000000       238327.505756           310000.0           610000.0  164.000000  110.311680     103.75     194.25         4       0         187500.0            300000.0       90.50         1.000000           100.000000
         American Indian or Alaska Native        Male     Hispanic or Latino          15    419666.666667    190182.869390        270000.0        575000.0                83.516267                14.948638                 80.0000                92.56650                 43.500000                  5.182388                      NaN                      NaN       497000.000000       203617.288068           325000.0           660000.0  128.600000   41.548251      93.50     163.00        12       3         305000.0            335000.0       69.50         0.800000            80.000000
         American Indian or Alaska Native        Male Not Hispanic or Latino           5    443000.000000    198796.378237        285000.0        495000.0                85.000000                 9.354143                 80.0000                95.00000                 43.666667                  3.511885                      NaN                      NaN       541000.000000       281833.284053           355000.0           565000.0  185.000000  199.876212     109.00     111.00         5       0         210000.0            210000.0        2.00         1.000000           100.000000
                                    Asian      Female     Hispanic or Latino           7    457857.142857    111162.686443        390000.0        545000.0                60.102429                22.881266                 42.2215                76.10550                 44.250000                  5.188127                      NaN                      NaN       829285.714286       334507.455964           655000.0           950000.0  133.142857   63.648589      93.00     135.00         5       2         155000.0            295000.0       42.00         0.714286            71.428571
                                    Asian      Female Not Hispanic or Latino         230    543347.826087    232788.039860        375000.0        705000.0                70.483299                20.228918                 60.0000                80.00000                 43.844311                  3.993935                      NaN                      NaN       830695.652174       459541.439824           537500.0           955000.0  169.147826   83.324194     114.25     200.75       216      14         330000.0            417500.0       86.50         0.939130            93.913043
                                    Asian        Male     Hispanic or Latino          13    565769.230769    123993.382785        495000.0        615000.0                79.649462                12.178800                 72.4290                89.99900                 46.111111                  2.713137                      NaN                      NaN       728846.153846       203287.090160           615000.0           905000.0  191.692308  105.766555     112.00     242.00        13       0         120000.0            290000.0      130.00         1.000000           100.000000
                                    Asian        Male Not Hispanic or Latino         396    636616.161616    247767.580232        465000.0        797500.0                72.969943                17.740041                 63.6495                80.11775                 43.658363                  3.868002                      NaN                      NaN       923232.323232       422405.895823           625000.0          1155000.0  214.386364  148.717197     138.75     251.25       376      20         332500.0            530000.0      112.50         0.949495            94.949495
                Black or African American      Female     Hispanic or Latino           4    505000.000000    210237.960416        370000.0        645000.0                88.000000                10.132456                 82.5000                95.50000                 41.000000                  2.645751                      NaN                      NaN       600000.000000       295803.989155           387500.0           837500.0  173.250000   68.090014     160.00     213.25         2       2         275000.0            450000.0       53.25         0.500000            50.000000
                Black or African American      Female Not Hispanic or Latino          39    556794.871795    222732.690802        400000.0        655000.0                85.696436                13.018763                 80.0000                95.00000                 45.125000                  3.634512                      NaN                      NaN       660384.615385       253417.132244           495000.0           750000.0  159.435897   86.106970     101.00     211.50        31       8         255000.0            255000.0      110.50         0.794872            79.487179
                Black or African American        Male     Hispanic or Latino           4    467500.000000     49244.289009        462500.0        490000.0                93.865000                 6.446154                 92.5000                96.36500                 49.000000                  0.000000                      NaN                      NaN       537500.000000        35939.764421           512500.0           555000.0  153.000000   46.296148     136.25     180.25         4       0          27500.0             42500.0       44.00         1.000000           100.000000
                Black or African American        Male Not Hispanic or Latino          34    566764.705882    203476.907903        410000.0        672500.0                84.578500                18.919348                 79.6250                95.00000                 44.037037                  4.071302                      NaN                      NaN       774117.647059       627811.821097           545000.0           757500.0  177.882353   81.019550     116.50     226.00        34       0         262500.0            212500.0      109.50         1.000000           100.000000
Native Hawaiian or Other Pacific Islander      Female     Hispanic or Latino           3    335000.000000     20000.000000        325000.0        345000.0                90.966667                 4.528061                 88.5000                92.95000                 48.000000                  1.414214                      NaN                      NaN       365000.000000            0.000000           365000.0           365000.0  112.666667   34.588052      97.50     131.50         2       1          20000.0                 0.0       34.00         0.666667            66.666667
Native Hawaiian or Other Pacific Islander      Female Not Hispanic or Latino           1    255000.000000              NaN        255000.0        255000.0                60.000000                      NaN                 60.0000                60.00000                       NaN                       NaN                      NaN                      NaN       435000.000000                 NaN           435000.0           435000.0   69.000000         NaN      69.00      69.00         1       0              0.0                 0.0        0.00         1.000000           100.000000
Native Hawaiian or Other Pacific Islander        Male Not Hispanic or Latino           1    365000.000000              NaN        365000.0        365000.0                54.887000                      NaN                 54.8870                54.88700                 43.000000                       NaN                     43.0                     43.0       665000.000000                 NaN           665000.0           665000.0   85.000000         NaN      85.00      85.00         1       0              0.0                 0.0        0.00         1.000000           100.000000
                                    White      Female     Hispanic or Latino         151    439834.437086    211454.815677        300000.0        550000.0                83.155079                16.448952                 79.1775                95.00000                 45.016000                  3.841589                      NaN                      NaN       543079.470199       249569.536687           385000.0           670000.0  141.039735  117.781656      82.00     166.00       144       7         250000.0            285000.0       84.00         0.953642            95.364238
                                    White      Female Not Hispanic or Latino         359    477813.370474    239187.746177        295000.0        625000.0                70.469691                20.034088                 56.9640                85.00000                 44.121569                  4.118917                      NaN                      NaN       720654.596100       389818.111037           465000.0           885000.0  156.977716   89.976003      96.00     200.00       326      33         330000.0            420000.0      104.00         0.908078            90.807799
                                    White        Male     Hispanic or Latino         266    494511.278195    216753.372294        355000.0        635000.0                82.779489                16.301634                 80.0000                95.00000                 44.134328                  3.988341                      NaN                      NaN       616428.571429       275710.109880           435000.0           755000.0  154.661654  114.907273      89.00     189.75       237      29         280000.0            320000.0      100.75         0.890977            89.097744
                                    White        Male Not Hispanic or Latino         450    547444.444444    259599.276216        345000.0        725000.0                75.134771                17.653681                 70.0000                87.07275                 43.440252                  4.200182                      NaN                      NaN       760755.555556       393220.932564           465000.0           935000.0  196.362222  138.230126     113.00     245.50       428      22         380000.0            470000.0      132.50         0.951111            95.111111